time,headset_vel.x,headset_vel.y,headset_vel.z,headset_angularVel.x,headset_angularVel.y,headset_angularVel.z,headset_pos.x,headset_pos.y,headset_pos.z,headset_rot.x,headset_rot.y,headset_rot.z,controller_left_vel.x,controller_left_vel.y,controller_left_vel.z,controller_left_angularVel.x,controller_left_angularVel.y,controller_left_angularVel.z,controller_left_pos.x,controller_left_pos.y,controller_left_pos.z,controller_left_rot.x,controller_left_rot.y,controller_left_rot.z,controller_right_vel.x,controller_right_vel.y,controller_right_vel.z,controller_right_angularVel.x,controller_right_angularVel.y,controller_right_angularVel.z,controller_right_pos.x,controller_right_pos.y,controller_right_pos.z,controller_right_rot.x,controller_right_rot.y,controller_right_rot.z,
0.48,0.01797752,-0.001989093,-0.002438834,-0.01520276,-0.02902061,0.007813524,-0.04543078,0.4274544,0.1028825,358.3485,359.6605,358.9586,0.01297208,-0.06627062,-0.004748337,-0.0920018,0.03053823,0.1212008,-0.1503555,0.01455445,0.3029668,0.429868,1.388104,8.173345,0.03655158,-0.1656584,0.02734169,-0.3930992,0.1502604,0.1798602,0.02720211,0.02225474,0.3043909,2.203716,352.9513,342.5348,
11.926,0.01791951,-0.00128572,-0.004741647,-0.01618943,-0.03364256,0.0005849772,-0.04517588,0.4274637,0.1027801,358.3575,359.6905,358.9712,0.009696683,-0.0678502,-0.0005765788,-0.09739527,0.03219518,0.1022725,-0.1502557,0.0136514,0.3031303,0.5117036,1.344326,8.127262,0.04104639,-0.1759603,0.03533737,-0.4089231,0.03079917,0.03653083,0.02759758,0.02000321,0.3049591,2.533882,353.237,342.6617,
24.527,0.01762317,-0.0001435434,-0.006724915,-0.007700233,-0.03725416,-0.002146318,-0.04494654,0.4274815,0.1026225,358.3368,359.7223,358.9748,0.008098565,-0.06880698,0.004343172,-0.1223606,0.01462736,0.07741246,-0.150196,0.01285883,0.3033839,0.6524535,1.341685,8.114096,0.04574189,-0.1687066,0.03778172,-0.2968784,-0.1266276,-0.05754886,0.02800205,0.01823255,0.3053173,2.521931,353.6284,342.8625,
38.613,0.01720949,0.001080487,-0.009031638,0.007386302,-0.03801836,-0.008108339,-0.04472771,0.4275193,0.1024206,358.3082,359.7495,358.9988,0.00665782,-0.06731909,0.01177689,-0.1492718,-0.02216435,0.03317894,-0.1502133,0.01221715,0.3038495,0.8255703,1.398099,8.171454,0.05094617,-0.1277962,0.02957249,0.09672634,-0.3486103,0.006318284,0.02863428,0.01736674,0.3048499,1.590042,354.0497,342.9338,
52.588,0.01649667,0.001696914,-0.01143556,0.0193547,-0.03885078,-0.01737099,-0.04453583,0.4275795,0.1021118,358.2771,359.7733,359.0282,0.003938101,-0.06285284,0.01941606,-0.137891,-0.04019426,-0.02708302,-0.1503694,0.01150217,0.3041273,0.9170741,1.451931,8.3016,0.05214747,-0.05887731,0.003857734,0.759131,-0.4542612,0.3528334,0.02955596,0.0168027,0.3035688,359.5744,354.0264,342.483,
66.462,0.01588077,0.002032718,-0.01423788,0.01859618,-0.0314683,-0.02000061,-0.04434824,0.4276454,0.101798,358.274,359.782,359.0426,0.002397038,-0.0591759,0.03157627,-0.191486,-0.07261648,-0.07043353,-0.1503,0.01125546,0.305576,1.173195,1.533996,8.44586,0.03023677,-0.02277838,-0.01718991,1.157459,-0.1091539,0.8096194,0.02975953,0.01410576,0.3038679,357.8145,353.0063,341.4696,
80.521,0.01449494,0.001672235,-0.01768323,0.02082174,-0.02602028,-0.01707723,-0.04415661,0.4276599,0.1014336,358.2578,359.7872,359.0531,0.003106857,-0.04565182,0.0454136,-0.1813266,-0.09454956,-0.1001317,-0.1504346,0.01120663,0.3059454,1.31278,1.633888,8.584606,-0.005631976,-0.04837523,-0.01078818,0.8426667,0.5449097,0.9842458,0.03024302,0.01335502,0.3044108,357.8795,351.4007,340.4001,
94.412,0.01288549,0.001746251,-0.02203371,0.01231734,-0.02011842,-0.01123961,-0.04406349,0.4276665,0.1009835,358.2613,359.7993,359.0501,0.00515365,-0.02053414,0.06098805,-0.09539107,-0.1182498,-0.1083222,-0.1503049,0.0119069,0.308075,1.259826,1.785657,8.680462,-0.03164604,-0.08002424,0.01965521,0.3874943,0.8557439,0.646723,0.02978629,0.01252438,0.307277,358.7656,350.3178,340.2875,
108.19,0.01148716,0.001549281,-0.02680879,0.009376945,-0.0114479,-0.01078775,-0.04398413,0.427707,0.1004333,358.2536,359.7952,359.0607,0.006667439,0.008153766,0.07976336,-0.03016095,-0.1579826,-0.07143959,-0.1505526,0.01278512,0.309223,1.196997,1.991074,8.666373,-0.01189634,-0.08425697,0.06862622,-0.04683306,0.6057993,0.2817526,0.03064667,0.01261508,0.3090374,359.6513,350.5272,340.4688,
122.138,0.009764021,0.001938562,-0.03280639,0.001404464,0.001282154,-0.01713538,-0.04386616,0.4277626,0.09984538,358.2679,359.7719,359.0831,0.004409932,0.04223046,0.09740783,0.1084686,-0.1833933,-0.02794473,-0.1508523,0.01416784,0.311368,0.9012393,2.228548,8.590432,0.01932868,-0.06110713,0.116531,-0.1846196,0.2235343,0.05454196,0.03118168,0.01283776,0.311833,359.9772,351.1552,340.7265,
136.126,0.008391732,0.002084052,-0.03808466,-0.003155992,0.0180213,-0.0268661,-0.04375455,0.4278232,0.09916295,358.2877,359.7096,359.1323,-0.001513779,0.0753305,0.1193421,0.1776624,-0.2000896,0.05314323,-0.1513245,0.01609264,0.3139374,0.6817328,2.450481,8.385302,0.03959653,-0.02070727,0.1567922,-0.1197146,-0.09690158,-0.2132147,0.03154118,0.01404088,0.3152101,359.9421,351.7872,341.3863,
150.088,0.006934257,0.001512174,-0.04389985,-0.0003782159,0.03248241,-0.0352192,-0.04370201,0.4277895,0.09840283,358.2727,359.6658,359.1627,-0.01068402,0.1150077,0.1395977,0.3190585,-0.174134,0.1461349,-0.1519718,0.01850926,0.3161674,0.217612,2.604875,8.061629,0.04834327,0.04275152,0.1869103,0.05657654,-0.3550269,-0.4440328,0.03167114,0.01655641,0.3183647,359.5871,352.4176,342.2597,
163.897,0.005561328,6.045424E-05,-0.05040929,0.001885378,0.03670494,-0.03542044,-0.04364836,0.4277139,0.09747557,358.2762,359.6292,359.1843,-0.01683576,0.1624738,0.1709211,0.4193253,-0.1969612,0.1804745,-0.1526055,0.02187855,0.3196895,359.7617,2.864986,7.802279,0.03087015,0.1038496,0.2081125,0.1929128,-0.2217951,-0.4318304,0.03180467,0.01968966,0.3213007,359.3452,352.2839,342.6861,
177.97,0.00508546,-0.001419498,-0.05682271,-0.01093156,0.03369829,-0.03769561,-0.0435984,0.4276198,0.0964691,358.312,359.6162,359.218,-0.02021172,0.2091785,0.2060483,0.4526008,-0.2436794,0.09642494,-0.1532682,0.02603237,0.3241355,359.3801,3.193329,7.819242,0.003781252,0.1765539,0.2220413,0.4114096,0.04305312,-0.2352381,0.03168824,0.02387837,0.3252192,358.8338,351.6125,342.7233,
191.61,0.004687989,-0.002939515,-0.06486788,-0.03020978,0.026511,-0.04096221,-0.04355022,0.4276008,0.09529015,358.3802,359.6057,359.2583,-0.02694315,0.2607605,0.2461817,0.4190076,-0.286898,-0.07134081,-0.1543598,0.03097171,0.3285668,359.1151,3.53439,8.122202,-0.01816599,0.2611152,0.2316799,0.7065901,0.2454409,-0.0568866,0.03180668,0.02912113,0.3286779,357.9722,350.7697,342.7633,
205.478,0.00406101,-0.003271681,-0.0724283,-0.04408405,0.02242002,-0.04325221,-0.04353309,0.4275921,0.09403603,358.4283,359.5883,359.2908,-0.04248603,0.3201608,0.2827218,0.4425336,-0.2586095,-0.2620622,-0.1557209,0.03676117,0.3335957,358.6947,3.749745,8.611873,-0.02546659,0.3468662,0.243197,1.011936,0.2895546,0.07660139,0.03202104,0.03519296,0.3329211,356.7831,350.0625,342.8972,
219.55,0.003395665,-0.002679795,-0.08076039,-0.04497497,0.02545881,-0.04668276,-0.04350305,0.427609,0.0926585,358.4596,359.5596,359.3395,-0.06096157,0.3777493,0.3080711,0.5321825,-0.1428649,-0.3116773,-0.1570902,0.04323378,0.3384855,358.0764,3.741681,8.881268,-0.01790679,0.4263422,0.2676571,1.190021,0.1769283,0.1626849,0.032329,0.04218796,0.3377582,355.5544,349.7142,343.0637,
233.503,0.002583612,-0.001388922,-0.08936621,-0.03528148,0.0228682,-0.05160107,-0.04344912,0.427626,0.09118281,358.4673,359.5395,359.3897,-0.08458778,0.4697441,0.3333029,0.8167021,0.1034924,-0.2188461,-0.1584911,0.05150905,0.3437004,356.8805,3.399665,8.747964,-0.004366659,0.500899,0.3026983,1.278234,-0.05772875,0.145854,0.03254535,0.05008328,0.3432397,354.3501,349.7564,343.4191,
247.403,0.002179213,0.0001295146,-0.0961799,-0.02378194,0.01855787,-0.04778665,-0.0434292,0.4276715,0.08967504,358.4631,359.536,359.4125,-0.09608273,0.5500769,0.3516154,1.071579,0.2532688,-0.0992329,-0.1597691,0.06017685,0.3491015,355.5593,3.142109,8.445951,0.009657271,0.5698755,0.3427159,1.287685,-0.3419507,0.01705783,0.03264388,0.05892196,0.349119,353.287,350.1137,344.0507,
261.364,0.001776908,0.002015633,-0.1025485,-0.01144706,0.005768757,-0.04237511,-0.04343569,0.4278051,0.08813445,358.4588,359.5608,359.437,-0.09664932,0.609352,0.3676688,1.176691,0.2559385,-0.04974433,-0.1610069,0.06930079,0.3548405,354.4255,3.109007,8.24119,0.01333296,0.6268357,0.3725569,1.333242,-0.4905732,-0.09748556,0.03269829,0.06817859,0.3550406,352.2006,350.3314,344.7944,
275.358,0.00109395,0.003466812,-0.1084696,0.000636294,-0.01210209,-0.03134249,-0.04344451,0.4278628,0.08655719,358.4327,359.5972,359.4409,-0.09349163,0.6780749,0.3906626,1.169768,0.1650967,-0.1287301,-0.1623855,0.07991242,0.3612238,353.4893,3.246902,8.353057,0.01208903,0.6999198,0.400805,1.446187,-0.5462811,-0.2270257,0.03296578,0.07883821,0.3614942,351.0208,350.3353,345.7343,
289.312,0.000350453,0.003626181,-0.1133428,-0.003870731,-0.02152049,-0.0288077,-0.04349734,0.4278618,0.08482368,358.4592,359.623,359.4683,-0.0930901,0.7286833,0.4042154,1.171882,0.09824449,-0.2164134,-0.1638358,0.09053089,0.3672775,352.5316,3.380451,8.564965,0.01664555,0.7546732,0.4143054,1.523458,-0.5808183,-0.2292786,0.03347254,0.0897297,0.3677507,349.7688,350.347,346.4839,
303.163,-0.0004255995,0.001510231,-0.1183497,-0.01833589,-0.02523101,-0.0440213,-0.04354593,0.4277096,0.08304928,358.508,359.6383,359.5455,-0.09464798,0.7917694,0.4129925,1.259241,0.1335739,-0.1661233,-0.1651393,0.1024,0.3733951,351.365,3.401532,8.453284,0.03169993,0.8258154,0.4251786,1.598354,-0.6506622,-0.094418,0.03430524,0.1020472,0.37415,348.3108,350.5242,346.9601,
317.237,-0.0008904897,-0.001770294,-0.1219668,-0.0517487,-0.02025754,-0.06244264,-0.04356921,0.4275469,0.08130392,358.6248,359.6331,359.6231,-0.09807198,0.8589121,0.4133487,1.416052,0.3613146,0.08159842,-0.1661952,0.1151836,0.3791745,349.9555,3.083684,7.684812,0.05257455,0.9155908,0.4322095,1.673645,-0.721242,0.16645,0.03528604,0.1157897,0.3806707,346.6346,350.8553,347.08,
330.893,-0.001603644,-0.005391651,-0.1243964,-0.1036314,-0.01352088,-0.06970169,-0.04358536,0.4274182,0.07960589,358.8075,359.6313,359.6821,-0.09966968,0.9295087,0.4043061,1.606698,0.6585684,0.3722036,-0.1670329,0.1290488,0.3845793,348.3379,2.558609,6.497102,0.06820206,0.9791335,0.4339148,1.677382,-0.7800813,0.3559111,0.03616925,0.1295656,0.3869897,345.0535,351.287,347.1323,
344.636,-0.002300117,-0.008631567,-0.1255771,-0.1483527,-0.01095216,-0.07004301,-0.04363966,0.4273229,0.07790254,358.9958,359.6419,359.7313,-0.09822807,1.011851,0.3820133,1.823776,0.8500771,0.4974818,-0.1680383,0.1441254,0.3894433,346.4938,2.084173,5.465128,0.07860419,1.043024,0.4310463,1.591118,-0.8370467,0.4463967,0.0368128,0.1446115,0.3929482,343.7089,351.8282,347.2011,
358.671,-0.002944387,-0.01039212,-0.1260191,-0.1623802,-0.01063817,-0.06404319,-0.04371741,0.4271486,0.07616462,359.1234,359.649,359.7641,-0.09668304,1.077932,0.3553005,1.922658,0.8157338,0.3825122,-0.1691859,0.1594787,0.3939741,344.7625,1.824729,5.04442,0.07086957,1.10616,0.4122329,1.593278,-0.7798907,0.4308239,0.03709911,0.1606133,0.3980541,342.3537,352.0253,347.4622,
372.279,-0.003922343,-0.009832994,-0.1258872,-0.166689,-0.005183812,-0.0601772,-0.04382594,0.4271457,0.07444268,359.2607,359.6349,359.8114,-0.08822817,1.136527,0.3264699,1.927565,0.6014496,0.2186104,-0.1701679,0.17556,0.3981073,343.2143,1.891405,4.965984,0.05072825,1.168763,0.3752547,1.714131,-0.5523162,0.4434365,0.03743042,0.1771848,0.402559,340.7666,351.7069,347.6551,
386.136,-0.004999325,-0.006916672,-0.1245397,-0.1480887,0.007123942,-0.07298151,-0.04392689,0.4272121,0.0727949,359.3289,359.5998,359.8946,-0.07491808,1.191442,0.2936283,1.974116,0.3708188,0.1156671,-0.1710591,0.1921286,0.4018375,341.587,2.18276,4.911711,0.03561844,1.223486,0.3329458,1.831512,-0.263277,0.528778,0.03801702,0.1940603,0.4067573,339.0768,351.1592,347.5906,
400.145,-0.006247174,-0.003047751,-0.1221199,-0.1061224,0.02381249,-0.08306935,-0.04402615,0.4272372,0.07124154,359.3227,359.5418,359.9794,-0.06654328,1.239425,0.2580612,2.036707,0.3351498,0.1108323,-0.1717495,0.2091164,0.4050054,339.8675,2.294725,4.598932,0.03621988,1.271665,0.2928109,1.928057,-0.1724919,0.6425582,0.03881921,0.2111736,0.4105513,337.2515,350.9189,347.4861,
414.131,-0.00709777,0.0004817944,-0.1195026,-0.07326528,0.04009243,-0.07615184,-0.04416674,0.4273071,0.06973855,359.3331,359.4923,0.006333118,-0.05695931,1.280485,0.2249219,2.080247,0.3809299,0.1726806,-0.172156,0.2266627,0.4078906,338.1522,2.352978,4.044125,0.0533053,1.317248,0.2518576,2.00992,-0.3939494,0.7307341,0.0397575,0.2288736,0.4135374,335.2768,351.2953,347.654,
427.928,-0.007858504,0.003047896,-0.1154555,-0.05796654,0.04597455,-0.05444207,-0.04423822,0.4273964,0.06824012,359.3801,359.4438,0.008405774,-0.04576968,1.316616,0.1961648,2.093532,0.4183662,0.2416608,-0.1726023,0.2446301,0.410563,336.4879,2.470451,3.388824,0.07229219,1.35527,0.2087725,2.06463,-0.6845023,0.8172633,0.0404452,0.2468592,0.415889,333.2427,352.0266,347.9221,
442.034,-0.007993318,0.004143118,-0.1113257,-0.06092764,0.04110483,-0.0297939,-0.04437879,0.4274579,0.06683964,359.4399,359.4314,359.98,-0.04610307,1.348821,0.1677479,2.052347,0.5319805,0.2224208,-0.1732166,0.2630767,0.4126824,334.9292,2.285989,2.826777,0.07218952,1.385032,0.1669092,2.081716,-0.8517988,0.792147,0.04068776,0.2653137,0.4178532,331.3554,352.5489,348.3783,
456.036,-0.007418733,0.004617077,-0.1056885,-0.06505559,0.03297738,-0.002985098,-0.04446356,0.42754,0.06562698,359.5017,359.4292,359.9397,-0.05416763,1.379777,0.1338408,2.025425,0.6327542,0.1095177,-0.1739585,0.2818257,0.4140437,333.3411,1.86263,2.494827,0.05737422,1.409998,0.1278193,2.025915,-0.8691319,0.7108949,0.04071055,0.2843536,0.4193399,329.7268,352.8009,348.856,
469.923,-0.006565478,0.005335364,-0.09926637,-0.0622943,0.02565532,0.009017078,-0.04450454,0.4276231,0.06447367,359.5385,359.4153,359.9251,-0.06779266,1.407535,0.09008733,2.024318,0.6930131,-0.094158,-0.174702,0.3008012,0.4145689,331.6805,1.166813,2.511278,0.0437087,1.429932,0.08899464,1.902093,-0.723483,0.7008668,0.04080311,0.3035268,0.4200707,328.3015,352.9734,348.9407,
483.757,-0.005744379,0.005749162,-0.09203834,-0.04304222,0.01927169,0.006613383,-0.04455699,0.4276627,0.06347094,359.5266,359.406,359.9374,-0.06883446,1.431312,0.04005946,2.042014,0.5883747,-0.2315078,-0.1751452,0.319881,0.4143593,329.9842,0.7100191,2.713504,0.02981748,1.445105,0.04290812,1.838726,-0.461668,0.6908168,0.04088131,0.3226668,0.4199567,326.8687,352.8763,348.7974,
497.81,-0.005524095,0.006357997,-0.08436373,-0.02483575,0.01290762,0.004200023,-0.04466352,0.4278201,0.06252304,359.5225,359.4062,359.932,-0.05082107,1.446406,-0.01036765,2.023175,0.3661948,-0.1811277,-0.175276,0.3390814,0.4136123,328.4043,0.8561086,2.72354,0.01455618,1.457729,-0.01249321,1.908946,-0.2609894,0.6476634,0.04075516,0.3417769,0.4191272,325.197,352.5385,348.8051,
511.384,-0.005150681,0.007271902,-0.07626974,-0.01313853,0.009752301,0.00468746,-0.04472557,0.4279479,0.06174773,359.5257,359.3979,359.9288,-0.02736098,1.452633,-0.05865982,1.972888,0.1546635,-0.08463168,-0.1752641,0.358176,0.4122971,326.9338,1.266466,2.651333,-0.001522094,1.46433,-0.0667946,2.00752,-0.225234,0.5707386,0.04042825,0.3608359,0.41783,323.4209,352.1318,349.1682,
525.281,-0.00464127,0.007902156,-0.06770796,-0.005613438,0.006554299,0.002889811,-0.04475096,0.4280435,0.06108695,359.5176,359.3965,359.9301,-0.007443439,1.450629,-0.1045273,1.887032,0.0749608,0.02021323,-0.1751348,0.3771775,0.4102761,325.6041,1.67628,2.386052,-0.005994629,1.468339,-0.1186553,2.06417,-0.3689446,0.5983955,0.0402453,0.3800656,0.4157659,321.5733,352.1316,349.6627,
539.321,-0.003760921,0.00800085,-0.05903062,-0.008688366,0.002234036,-0.0003425893,-0.04474881,0.428053,0.06055933,359.53,359.4007,359.9362,0.002582811,1.445933,-0.1534173,1.829519,0.1165577,0.05208367,-0.175026,0.3960627,0.407426,324.2609,1.852773,2.062006,0.001017127,1.468567,-0.1615378,2.055872,-0.4339437,0.7287071,0.04022557,0.3987969,0.4132484,319.7416,352.5091,349.7786,
553.265,-0.002807653,0.006292042,-0.05087379,-0.0269047,-0.004211946,0.002315808,-0.04476677,0.4280317,0.06005456,359.6009,359.4151,359.9254,0.005240873,1.4398,-0.2053019,1.823316,0.1805357,0.01263734,-0.1748782,0.4147681,0.4038569,322.8203,1.814298,1.831717,0.01240096,1.456484,-0.2116829,1.957984,-0.3472491,0.8432695,0.04047089,0.4173735,0.409886,318.1292,353.0001,349.4573,
567.162,-0.0017833,0.003238523,-0.04360227,-0.06668292,-0.01494711,0.01175569,-0.04479253,0.4279636,0.05963799,359.7359,359.4582,359.8938,0.006056793,1.43723,-0.2692295,1.922286,0.2314344,-0.09202687,-0.1745376,0.4336768,0.3993627,321.1097,1.565529,1.76257,0.0184053,1.438934,-0.2544903,1.856324,-0.2226343,0.881775,0.04041249,0.4358124,0.4060126,316.6497,353.3804,349.0609,
581.192,-0.001273073,-7.190927E-05,-0.0358087,-0.1016434,-0.036221,0.03435664,-0.04480965,0.4279317,0.05939053,359.8694,359.526,359.8143,0.01264528,1.435039,-0.3155354,1.996104,0.217008,-0.1438093,-0.1739581,0.4521094,0.3947797,319.3742,1.415314,1.739685,0.01484872,1.424034,-0.2966144,1.836566,-0.1519281,0.8784055,0.0400605,0.4539827,0.4015547,315.0829,353.6365,348.8013,
595.053,-0.0007587997,-0.00142579,-0.02696735,-0.1069649,-0.05635287,0.06225382,-0.04482214,0.4279669,0.05932462,359.9359,359.6019,359.7131,0.02946894,1.423633,-0.3619033,1.948786,0.1735352,-0.09023383,-0.1731993,0.4704707,0.3893861,317.905,1.573708,1.550286,-0.01998405,1.411605,-0.3619304,2.005308,-0.1838528,0.6818591,0.03839984,0.4724201,0.3955892,313.2174,352.9998,349.4341,
609.04,1.149811E-05,0.0002216678,-0.01774527,-0.08094069,-0.06589507,0.07931203,-0.04482618,0.4279167,0.05903916,359.9267,359.6686,359.6313,0.0447543,1.40616,-0.4190279,1.917665,0.1097753,-0.020708,-0.1724809,0.4887055,0.3828273,316.4525,1.885494,1.315795,-0.06531826,1.395588,-0.421291,2.1691,-0.414601,0.4612828,0.03680269,0.4904204,0.3894706,311.321,351.8146,351.0361,
622.531,0.0007656044,0.002914996,-0.008586005,-0.04972009,-0.06279255,0.07063717,-0.04479407,0.4280446,0.05916701,359.9078,359.6993,359.6177,0.05369605,1.391825,-0.4659647,1.97462,0.01439583,0.02535847,-0.1717262,0.5062943,0.3762578,314.7935,2.246308,1.189549,-0.08225393,1.369934,-0.4529997,2.120739,-0.6206508,0.4510575,0.03555385,0.5076114,0.3833496,309.7155,351.2448,352.3749,
636.663,0.001211035,0.003732104,0.0006196846,-0.03137082,-0.05648735,0.06360109,-0.04476154,0.4281476,0.05940855,359.9283,359.7286,359.5722,0.06520643,1.373858,-0.5147475,2.045993,-0.06766086,0.07637236,-0.1706796,0.5237504,0.3691177,313.0487,2.733863,1.026772,-0.08661748,1.334185,-0.4826769,1.967031,-0.7349972,0.4808649,0.03445235,0.5245316,0.3761556,308.3902,350.9204,353.5217,
650.63,0.001184935,0.002799968,0.008824194,-0.04122525,-0.05753285,0.07185433,-0.04473895,0.4281653,0.05976798,359.9904,359.786,359.4843,0.07398549,1.350673,-0.5508013,2.008784,-0.02486265,0.03856741,-0.1693804,0.5407953,0.361634,311.5114,2.904965,0.8305656,-0.07383609,1.304004,-0.5202444,1.895436,-0.6055956,0.5926139,0.03359865,0.5411339,0.3682832,306.8899,351.0052,353.8683,
664.445,0.001176008,0.002063778,0.01686113,-0.06577694,-0.0638319,0.07225976,-0.04471229,0.4281518,0.06026439,0.1035011,359.8513,359.4366,0.08386197,1.319661,-0.57796,1.877067,0.127271,-0.02230974,-0.167818,0.5572339,0.3536861,310.2508,2.931371,0.3895655,-0.06610066,1.2765,-0.558835,1.879477,-0.3042161,0.5324523,0.03284644,0.557184,0.3601206,305.3742,350.6717,353.9103,
678.501,0.001246049,0.003167901,0.02469018,-0.07147072,-0.06789555,0.04549254,-0.04471964,0.4283293,0.06117092,0.1470416,359.9142,359.468,0.09547093,1.282212,-0.6056374,1.741262,0.3254331,-0.06106959,-0.166206,0.573203,0.3450649,309.1327,3.031136,359.6234,-0.06097683,1.244967,-0.5929241,1.805593,-0.02717037,0.4044676,0.0320025,0.5728215,0.3514653,304.0783,350.2004,353.819,
692.467,0.0008553928,0.00557611,0.03258643,-0.04390795,-0.06044088,0.01197219,-0.0447298,0.4284557,0.06185135,0.1125613,359.9365,359.5291,0.09679951,1.252825,-0.6522983,1.798722,0.4586625,-0.1722386,-0.1648163,0.5890265,0.3353306,307.6248,2.899893,358.9742,-0.0630331,1.210674,-0.6312709,1.788679,0.1784151,0.2376081,0.03094395,0.5877132,0.3420417,302.7776,349.3688,353.9149,
706.376,0.0001899619,0.006822955,0.03979657,-0.01417444,-0.04442153,-0.0215774,-0.044763,0.4284852,0.06258008,0.07298358,359.9322,359.5887,0.09211877,1.22819,-0.7126943,2.001091,0.3952425,-0.2549287,-0.163549,0.6040445,0.3250361,305.6561,2.682652,358.7708,-0.07214202,1.174261,-0.670598,1.842977,0.2830691,0.04141358,0.02982501,0.6019041,0.3323435,301.4168,347.9721,354.4883,
719.949,-0.0004670089,0.005934238,0.04654792,-0.01802032,-0.03035781,-0.03238335,-0.04474837,0.4284309,0.06342259,0.1242568,359.9362,359.6214,0.09362923,1.198853,-0.7668087,2.153936,0.2488698,-0.2047234,-0.1621341,0.6186671,0.3145973,303.6521,2.845941,358.6011,-0.0776204,1.134243,-0.7057347,1.88773,0.2836667,-0.06322858,0.0288827,0.6154738,0.3224712,300.0489,346.4212,355.3928,
733.933,-0.001356116,0.003075678,0.05219988,-0.05121671,-0.02581365,-0.0223807,-0.04482484,0.4284081,0.06424949,0.2513058,359.9598,359.5978,0.1028869,1.15988,-0.8110121,2.20962,0.1638391,-0.125588,-0.160456,0.6327667,0.3039846,301.7933,3.240557,358.2478,-0.07312447,1.092183,-0.7341539,1.889139,0.1973831,0.03200657,0.02812467,0.6283144,0.3125689,298.6138,345.3289,356.3227,
747.809,-0.002362525,0.0007738089,0.0563141,-0.09416713,-0.02345779,-0.003960214,-0.04493745,0.4284406,0.0651589,0.4021951,359.9801,359.5564,0.1115353,1.116933,-0.8354889,2.148633,0.241772,-0.1868803,-0.1585327,0.646225,0.293242,300.1961,3.336451,357.6855,-0.07197542,1.048921,-0.760563,1.893815,0.03335318,0.204683,0.02718008,0.6406556,0.3024201,297.1183,344.249,357.6578,
761.781,-0.004094414,1.880573E-05,0.0606669,-0.1069772,-0.02133821,8.713864E-05,-0.04505929,0.4285411,0.0661062,0.4810925,359.9877,359.5711,0.1252815,1.070797,-0.8518687,2.004745,0.4038213,-0.2591258,-0.1563818,0.6591787,0.2820863,298.8877,3.534431,356.7197,-0.06836644,1.012707,-0.7845226,1.914664,-0.1064018,0.4976346,0.02609946,0.6528643,0.2922015,295.4353,343.5999,358.9787,
775.526,-0.005501324,0.001644989,0.06443952,-0.07772559,-0.006441094,-0.01531898,-0.04520319,0.4286174,0.06721082,0.4548449,359.9561,359.6271,0.144171,1.027249,-0.8735978,1.894821,0.5755312,-0.2151393,-0.1543665,0.6718466,0.2703206,297.673,4.480114,355.0525,-0.06988674,0.9781924,-0.800547,1.872462,-0.2313089,0.7399978,0.02483929,0.6646679,0.2818902,293.8813,343.0211,0.429411,
789.572,-0.00704813,0.005015451,0.06888263,-0.02372494,0.01918932,-0.03869855,-0.04532912,0.4287574,0.06828691,0.3720129,359.8969,359.7036,0.1522487,0.9957872,-0.9052389,1.934727,0.5822076,-0.1267627,-0.152715,0.6842471,0.2582386,296.1658,5.682474,353.4588,-0.07538193,0.9398236,-0.8091421,1.751755,-0.3293825,0.8613036,0.02362814,0.6759125,0.2714224,292.6261,342.3008,2.014282,
803.473,-0.008733992,0.007263754,0.07242607,0.02108885,0.03479341,-0.03238976,-0.04544687,0.4287804,0.06937298,0.280485,359.8386,359.6943,0.1408671,0.9637462,-0.9487353,2.021215,0.2910643,0.01903105,-0.1515212,0.6962717,0.2456556,294.3943,6.476807,353.0055,-0.07738048,0.9010243,-0.8193809,1.632541,-0.3385106,0.8833753,0.02248781,0.6868274,0.2604167,291.5036,341.5456,3.442549,
817.652,-0.01036724,0.00799981,0.0752029,0.01939336,0.03529619,-0.0003381918,-0.04564187,0.4288898,0.07048349,0.3148841,359.8193,359.6222,0.1189309,0.9359796,-0.9710375,1.973724,-0.03215396,0.1217614,-0.1504767,0.7079147,0.2333323,292.8419,6.627204,353.4348,-0.08414444,0.864585,-0.8421925,1.678557,-0.2414196,0.6627789,0.02135819,0.6972674,0.249089,290.2573,339.6307,5.305036,
831.671,-0.01116016,0.007813493,0.07764883,-0.01395099,0.03841313,0.01612919,-0.04583924,0.4290603,0.07162357,0.4073135,359.7801,359.5932,0.1029809,0.9073472,-0.9819527,1.884948,-0.2102414,0.1435249,-0.1491841,0.719004,0.2209046,291.4532,6.517254,353.9537,-0.0888246,0.8306156,-0.8643637,1.776367,-0.09369725,0.3048366,0.02059136,0.7074454,0.2380778,289.0209,336.6878,7.543245,
845.593,-0.01165874,0.008372675,0.08063641,-0.02640796,0.05468769,0.007435508,-0.0460245,0.4292427,0.07283401,0.4250293,359.7018,359.6311,0.09618586,0.8628617,-0.9925944,1.776354,-0.2641996,0.08939112,-0.1474687,0.7292694,0.20792,290.1989,6.223657,354.3918,-0.08603552,0.7936995,-0.876555,1.796544,0.05831987,0.04195012,0.01973322,0.7170287,0.2269306,287.8885,333.9383,9.461822,
859.323,-0.01242928,0.009671298,0.08451132,-0.002398182,0.07830591,-0.005723098,-0.04618916,0.4293783,0.07420159,0.3583253,359.588,359.6577,0.1064267,0.8288222,-1.003125,1.733053,-0.1488207,0.03108898,-0.1455326,0.7397261,0.1950285,288.9234,6.768614,353.6819,-0.07748273,0.7574789,-0.8881543,1.780086,0.1640153,0.0650589,0.0187066,0.7260192,0.2154534,286.6141,331.8935,11.1503,
873.366,-0.01252785,0.01068702,0.08846233,0.01808933,0.09953634,-0.004978501,-0.04633734,0.4295099,0.0755126,0.3161534,359.4821,359.649,0.1189129,0.79148,-1.020996,1.738965,-0.06970746,0.003583477,-0.1436477,0.7500837,0.1819297,287.5724,7.568868,352.7258,-0.07642639,0.7250008,-0.8991307,1.722747,0.1234529,0.2686144,0.01740609,0.7345951,0.2036909,285.3955,329.7543,13.57453,
887.367,-0.01241847,0.0085433,0.0920588,0.03131623,0.09897928,0.01889247,-0.04651085,0.4294106,0.07689932,0.2768437,359.4201,359.5739,0.1289992,0.7558842,-1.036787,1.787267,-0.06754091,0.1386882,-0.1418906,0.7599952,0.1691012,286.1142,9.098486,351.5086,-0.08761141,0.6819022,-0.926057,1.799464,-0.01383808,0.6104185,0.01569149,0.7424834,0.1910732,283.9943,326.1676,18.05907,
901.406,-0.01251769,0.003192578,0.09499337,-0.001853016,0.08041218,0.05093819,-0.04669371,0.4292526,0.07820611,0.3709571,359.3899,359.4741,0.1379815,0.7134762,-1.044891,1.857606,-0.1009243,0.2901126,-0.1397657,0.7684491,0.1559443,284.5542,11.03074,350.1145,-0.09919477,0.6408917,-0.9488675,1.940965,-0.07846333,0.7643411,0.01429789,0.7497801,0.1789874,282.6133,320.6933,24.17269,
915.446,-0.01282915,-0.003033044,0.0978692,-0.06125294,0.06026522,0.065957,-0.04690287,0.4290323,0.07971372,0.5421795,359.3835,359.4119,0.1483964,0.6821302,-1.039105,1.82766,-0.06489201,0.2252515,-0.137269,0.7765625,0.1431596,283.1962,12.61786,348.5748,-0.1007306,0.6058235,-0.9575973,2.009333,-0.03629662,0.7594165,0.01316321,0.7569726,0.1672778,281.3867,314.485,30.68321,
929.448,-0.0129284,-0.008847065,0.1029786,-0.1259591,0.04941579,0.0507038,-0.04703465,0.4289664,0.08131829,0.7455342,359.3425,359.4177,0.1718001,0.6341296,-1.025669,1.720709,0.1330457,-0.1727506,-0.1341211,0.7838824,0.1297538,282.1242,14.14657,346.0316,-0.09442732,0.5694274,-0.9538586,1.945908,0.02251159,0.7317693,0.01215614,0.763845,0.1554991,280.4176,308.3783,37.05602,
943.006,-0.01304469,-0.01237995,0.1083799,-0.1378404,0.05229127,0.02670929,-0.04718342,0.4287371,0.08309345,0.8374857,359.289,359.4427,0.1835323,0.5979521,-1.028041,1.754391,0.266394,-0.5286032,-0.1314922,0.7907462,0.1163737,280.8499,16.23501,342.6862,-0.07993454,0.5444283,-0.9481772,1.827605,0.1673308,0.7843068,0.01124892,0.7703572,0.1437645,279.3689,303.0205,42.86185,
957.251,-0.01332697,-0.01415732,0.1160561,-0.1373027,0.06116948,0.01728467,-0.04738651,0.4285485,0.08494894,0.941026,359.2305,359.4307,0.1852092,0.5515198,-1.047404,1.938783,0.3044289,-0.8560243,-0.1290955,0.7967624,0.1023683,279.2374,18.97994,338.4036,-0.06645671,0.5081573,-0.9431346,1.700554,0.2937152,0.8746141,0.01015066,0.7757298,0.1318129,278.3521,297.4697,49.05415,
971.228,-0.01378154,-0.0161069,0.1232604,-0.1259029,0.0534475,0.02293519,-0.0475916,0.4281944,0.08687588,1.012507,359.2106,359.3853,0.1740643,0.5052084,-1.075567,2.161124,0.1546562,-0.8642961,-0.1270128,0.80221,0.08837762,277.2892,22.74889,333.7149,-0.06976041,0.4595776,-0.9514165,1.706569,0.2850884,0.8922661,0.008816198,0.7806289,0.1192139,277.7217,288.2294,58.85144,
985.115,-0.01454789,-0.01910505,0.129901,-0.1315257,0.03452969,0.04791804,-0.04783626,0.4277925,0.08892494,1.139865,359.2167,359.2858,0.1617591,0.4602306,-1.089227,2.204039,-0.01634196,-0.5697333,-0.1249609,0.8070935,0.07488921,275.5389,28.64711,327.7547,-0.07878971,0.4199291,-0.9671607,1.774706,0.2272742,0.8202689,0.007609792,0.7851477,0.106687,277.5415,276.4341,70.9733,
999.217,-0.01554784,-0.02271662,0.137805,-0.1449256,0.006913376,0.074375,-0.04811545,0.4275098,0.09111001,1.284559,359.2591,359.1841,0.1572402,0.4113705,-1.076542,2.040312,-0.09903636,-0.252639,-0.1229874,0.8097704,0.06205598,274.2573,36.48326,320.2001,-0.08773339,0.3706238,-0.9903083,1.945632,0.165118,0.6423117,0.006370707,0.7888143,0.09399789,277.884,262.6515,84.67351,
1013.278,-0.01629094,-0.02369223,0.1446681,-0.1482801,-0.005758164,0.07055959,-0.04840377,0.4272418,0.09332842,1.389437,359.2739,359.1517,0.1711853,0.3627246,-1.050178,1.8015,-0.01591933,-0.1337067,-0.1203382,0.8118963,0.04929717,273.5949,48.46526,308.2122,-0.1009505,0.3107928,-1.005923,2.206262,0.0297578,0.384529,0.005002642,0.7916176,0.08197175,279.0071,249.4684,97.3016,
1026.754,-0.01622961,-0.02446156,0.150319,-0.1348145,0.00829596,0.03624099,-0.04857653,0.4267814,0.0956066,1.465541,359.2204,359.212,0.20368,0.3134648,-1.029887,1.727477,0.2276443,-0.1542392,-0.1173353,0.8140014,0.03682084,273.5888,70.46761,285.8836,-0.1107969,0.2693072,-1.0014,2.320034,-0.02375767,0.364667,0.003530664,0.7946552,0.07056855,280.3435,239.9028,106.7341,
1040.902,-0.01486108,-0.02724346,0.1557616,-0.1475992,0.04129329,-0.01965448,-0.04866812,0.4261575,0.09785847,1.63437,359.1311,359.3254,0.2274462,0.2650071,-1.016364,1.826509,0.345196,-0.2942631,-0.1142844,0.8164758,0.02459096,274.0354,94.15016,261.5156,-0.1196022,0.2352041,-0.9774993,2.228409,0.06534308,0.624073,0.001674692,0.7974564,0.05934497,281.4903,233.2581,114.1294,
1054.986,-0.01355645,-0.03229244,0.1596799,-0.1905946,0.05450088,-0.02731796,-0.04878241,0.4254717,0.1001714,1.879563,359.0738,359.3201,0.231202,0.2225137,-0.997253,1.924292,0.2243125,-0.4714055,-0.1112831,0.818251,0.01306454,274.5709,114.0717,240.6659,-0.1261007,0.2116707,-0.9421039,2.023494,0.3135742,1.028517,-0.0003065476,0.8004476,0.04823583,282.2965,227.9004,121.0397,
1069.005,-0.01230704,-0.03709635,0.1646155,-0.2407495,0.04446967,0.01719141,-0.04899332,0.4250194,0.1026284,2.161718,359.0801,359.1815,0.2342645,0.17646,-0.9626153,1.982618,0.03526557,-0.62937,-0.1076183,0.8185081,0.002412328,275.2982,129.563,224.1017,-0.1315285,0.1963133,-0.911725,1.838321,0.4910103,1.288229,-0.00197991,0.8039059,0.03702003,283.1102,223.9611,126.5538,
1082.854,-0.01081786,-0.03927042,0.1695615,-0.2413553,0.02244795,0.04044268,-0.04911417,0.4244949,0.1052011,2.297577,359.0947,359.1264,0.2523428,0.1433036,-0.9314132,2.061564,-0.01247594,-0.7311649,-0.1036762,0.8189571,-0.007564364,276.5535,138.9914,213.5831,-0.1374897,0.1776025,-0.8898269,1.766985,0.4857642,1.26059,-0.003445798,0.8070451,0.02598701,284.1833,221.1212,130.3889,
1096.926,-0.008483108,-0.0388083,0.1740423,-0.2198125,0.01189446,0.02895902,-0.04914442,0.4239401,0.1077165,2.426646,359.0967,359.1521,0.2811419,0.1088634,-0.8760862,2.014606,-0.04024018,-1.032793,-0.09928273,0.8192323,-0.01668562,277.6423,142.3684,208.4953,-0.1322055,0.1547016,-0.8649764,1.720513,0.3626615,0.9581253,-0.004369585,0.8089929,0.01613959,285.3606,218.8403,132.8273,
1110.534,-0.005676325,-0.03787898,0.1770889,-0.2404329,0.002170843,0.008061719,-0.0491312,0.423439,0.1102314,2.702156,359.1174,359.1719,0.3144897,0.07307871,-0.816331,1.949806,-0.03141607,-1.442893,-0.09451059,0.8193016,-0.02597694,278.5866,142.0656,206.5275,-0.1068684,0.1309651,-0.8291287,1.590455,0.271471,0.4929766,-0.005025011,0.8103212,0.006802032,286.1899,216.392,134.7769,
1124.463,-0.001877036,-0.04031017,0.1769762,-0.2593744,-0.01121613,-0.005664677,-0.04897769,0.4226336,0.1126026,2.923432,359.1505,359.188,0.3397115,0.02693446,-0.780515,1.955848,0.05302015,-1.643515,-0.09038837,0.8184706,-0.0360527,279.7438,140.7627,205.7637,-0.08741994,0.1049257,-0.7908369,1.56414,0.08504386,0.006399409,-0.005960904,0.8112903,-0.001667623,287.1588,214.1081,135.9792,
1138.6,0.001368362,-0.04546744,0.174822,-0.2776222,-0.02729109,-0.01313921,-0.04888289,0.4217727,0.1148561,3.179363,359.2125,359.2026,0.1697066,0.06844253,-0.829229,0.2995982,0.2028554,1.10386,-0.09366971,0.8251023,-0.05341149,278.6165,143.4645,208.346,-0.1322165,0.002960071,-0.7459035,2.576466,-1.370273,-0.1675982,-0.004221163,0.8037988,-0.01152042,291.2493,217.143,130.6961,
1152.631,0.001874998,-0.05396282,0.1691706,-0.2920042,-0.04206333,0.01164141,-0.04900989,0.4207047,0.1170126,3.427798,359.2652,359.1101,0.2149589,-0.01655054,-0.8712344,1.091924,0.6794224,0.4417683,-0.0894759,0.8206769,-0.06019559,281.2738,140.8608,210.0837,-0.1130224,0.04321419,-0.7298641,1.714179,0.09962328,0.3085647,-0.00875277,0.8105132,-0.01782835,290.5032,212.0305,137.8744,
1166.51,7.156283E-06,-0.06293733,0.1618112,-0.337759,-0.03941231,0.03536846,-0.04912983,0.4195887,0.1190319,3.797106,359.2703,359.0317,0.1612815,-0.07889262,-0.9430319,1.825107,0.2486194,0.7190812,-0.08808611,0.8156261,-0.07415587,283.2996,150.6644,200.6631,-0.1500248,0.05501975,-0.6528271,1.092662,0.545939,0.9892285,-0.01242416,0.8125939,-0.02466604,290.4051,212.5436,139.7982,
1180.591,-0.001896054,-0.07114422,0.1519649,-0.4274416,-0.01536985,0.006993702,-0.04919034,0.4184346,0.1207824,4.326095,359.2404,359.1161,-0.02143452,-0.07729147,-0.9629016,1.659268,0.4285381,2.672251,-0.08937467,0.8131713,-0.08403182,284.2625,161.4216,195.1421,-0.1172203,-0.01693187,-0.6046239,1.475415,-0.2329759,0.3958167,-0.01337989,0.8146092,-0.03166165,292.3865,212.9961,137.9476,
1194.4,-0.002875049,-0.07811558,0.141473,-0.5183361,0.03113939,-0.0539058,-0.04917575,0.4172845,0.1224288,4.890986,359.149,359.2647,0.03395051,-0.1320497,-0.9152603,1.893476,0.6091408,1.710139,-0.09006383,0.812637,-0.09456919,286.3571,160.6387,195.591,-0.1178463,-0.002981093,-0.5999011,1.088018,0.5321848,0.8973972,-0.01414213,0.8128043,-0.03914461,292.4335,211.6883,141.6063,
1208.374,-0.003417272,-0.07982093,0.1327288,-0.5666422,0.07566795,-0.09064779,-0.04919423,0.4164813,0.1240413,5.394185,359.0533,359.3727,0.04569618,-0.1463985,-0.8433755,1.75984,0.5846045,1.386482,-0.08816135,0.8107257,-0.1018918,287.5185,161.4444,195.4167,-0.09098989,-0.0207033,-0.5691023,0.9436084,0.7989007,0.8433826,-0.01406962,0.8109067,-0.04541945,292.6823,210.0266,144.392,
1222.41,-0.003436718,-0.07452147,0.1256762,-0.505185,0.09572502,-0.09231306,-0.04920685,0.4158381,0.1256093,5.602495,358.9682,359.4155,0.06407015,-0.1500421,-0.7311916,1.559982,0.1639892,0.759748,-0.08617509,0.8090233,-0.1075256,288.2819,163.0136,192.961,-0.06572616,-0.0579638,-0.5530043,1.096687,0.2620291,0.4681098,-0.01317391,0.8094735,-0.05180445,293.9084,210.0108,143.7463,
1236.415,-0.003308721,-0.06539113,0.1178211,-0.35662,0.09242845,-0.05418674,-0.04929315,0.4151116,0.1270564,5.575352,358.9145,359.3698,0.08652991,-0.1460151,-0.6281431,1.336032,-0.1046007,0.2731577,-0.08432422,0.8073741,-0.1131253,288.8283,163.6336,191.3801,-0.02528483,-0.09913208,-0.5372493,1.361023,-0.3219706,-0.06152335,-0.01169102,0.8077857,-0.0570211,295.4333,209.4594,142.5595,
1250.462,-0.003335416,-0.05790283,0.1076316,-0.2057202,0.07821149,-0.0066638,-0.04935238,0.4142206,0.1283434,5.50876,358.862,359.3107,0.1043354,-0.1394027,-0.5458125,1.199942,-0.2730067,-0.04457035,-0.08262104,0.8060147,-0.1182398,289.4052,164.0432,190.0753,0.02288146,-0.1225461,-0.5101825,1.607545,-0.6707493,-0.5188435,-0.01027874,0.8066429,-0.06168053,296.8749,208.0505,141.9525,
1264.193,-0.002029805,-0.05416881,0.09846613,-0.1906487,0.09150541,-0.004309885,-0.04929118,0.4134952,0.1293878,5.745009,358.7535,359.3468,0.1065895,-0.141508,-0.4944506,1.233464,-0.4529801,-0.1995431,-0.08128312,0.8039739,-0.1231951,290.2514,165.0906,188.138,0.04998083,-0.11797,-0.4723083,1.633596,-0.7958426,-0.6897106,-0.009292651,0.8061963,-0.06569956,297.9559,206.945,141.5059,
1278.215,-0.0008882545,-0.05182761,0.08841339,-0.2471192,0.1109511,-0.01667232,-0.04922818,0.4128682,0.1303138,6.089605,358.6381,359.3855,0.06014279,-0.1325342,-0.4830545,1.031031,0.1985634,0.4559518,-0.08163764,0.8029629,-0.127434,291.0171,165.5465,189.4905,0.04291348,-0.1095632,-0.3842318,1.448295,-0.5624895,-0.3429703,-0.009434492,0.8079293,-0.06942824,298.8637,206.9575,141.5546,
1291.846,0.0004565734,-0.05018011,0.08101473,-0.2648178,0.1128404,-0.003174629,-0.04916166,0.4122825,0.1313121,6.293911,358.5591,359.3458,0.03092764,-0.1545645,-0.4544034,1.227165,-0.1444549,0.3655844,-0.08210232,0.8005961,-0.1334422,292.2231,167.6501,186.8106,0.03107943,-0.07083963,-0.3235091,0.9140457,0.04543132,0.06716438,-0.009606502,0.8060278,-0.07093459,298.7516,206.6201,143.2304,
1305.754,0.002238447,-0.04524121,0.07501801,-0.2489735,0.09160475,0.008765997,-0.04909422,0.4119424,0.1322305,6.439641,358.5289,359.3089,0.02887805,-0.1592238,-0.425469,1.260318,-0.2103483,0.2071425,-0.08150958,0.7983394,-0.1370256,293.2244,168.1648,185.8559,0.0220352,-0.0349054,-0.2452242,0.3092106,0.6710024,0.4318276,-0.009714656,0.8053286,-0.07243891,297.961,206.3997,145.378,
1319.804,0.003434498,-0.0398332,0.07003342,-0.1664723,0.0530507,0.02117558,-0.04903388,0.4114587,0.1331352,6.373547,358.5529,359.272,0.02728152,-0.1407036,-0.3652708,1.126117,-0.03423133,0.1484169,-0.08126736,0.7976934,-0.1401555,293.944,167.8453,186.2334,0.01543596,-0.03049148,-0.19146,0.252337,0.6765665,0.6009709,-0.008892111,0.8049885,-0.07400794,298.1285,206.8578,145.9194,
1333.717,0.004976723,-0.03546061,0.06503484,-0.07887357,0.03674124,0.0113757,-0.0489198,0.4110001,0.1338799,6.295776,358.5371,359.3045,0.0322498,-0.1241232,-0.3307826,1.006698,0.09231592,0.1196928,-0.08083265,0.7969185,-0.1432572,294.5844,167.5736,186.6572,0.02816239,-0.04070484,-0.1632185,0.4386438,0.489534,0.4560256,-0.007740989,0.8043378,-0.07499532,298.7882,206.61,146.254,
1347.696,0.005535683,-0.03146986,0.05873322,-0.07293747,0.03728233,-0.01541057,-0.0487552,0.4106715,0.1344109,6.42702,358.5001,359.3752,0.02645208,-0.09530196,-0.2882348,0.7783421,0.08557018,0.1631524,-0.08073226,0.7965959,-0.1459408,294.8379,167.8481,186.5702,0.03741719,-0.04930169,-0.1365916,0.5790401,0.1944332,0.3391466,-0.006657306,0.803976,-0.07541464,299.5457,206.7345,145.8735,
1361.712,0.006253196,-0.03046373,0.05191141,-0.08766925,0.03111332,-0.02104716,-0.0486366,0.4102054,0.134996,6.530199,358.496,359.3749,0.004697211,-0.07337525,-0.2510732,0.5237128,-0.06390738,0.3186402,-0.0806952,0.7958082,-0.148342,294.8005,169.2599,185.3887,0.04735068,-0.04105422,-0.1035193,0.5787201,0.038615,0.2834092,-0.005400212,0.8044884,-0.07561859,300.0682,206.9873,145.5035,
1375.644,0.007307078,-0.02926753,0.04740766,-0.1217564,0.02463727,-0.02483454,-0.04851477,0.409945,0.1356398,6.70699,358.4929,359.3921,-0.001589902,-0.06523471,-0.223532,0.3946326,0.01528162,0.3950553,-0.08052076,0.7949008,-0.1504567,294.9095,169.9073,185.1881,-0.004419274,-0.01429188,-0.01969137,0.4057556,0.1760161,0.147687,-0.008623903,0.8029748,-0.07469217,300.0144,206.36,146.275,
1389.608,0.007466246,-0.02466472,0.04505837,-0.1232427,0.01769909,-0.004656139,-0.04840696,0.4099314,0.1362275,6.768811,358.4721,359.3422,0.001731016,-0.06345826,-0.1966519,0.353262,0.2123659,0.4119785,-0.08054814,0.794377,-0.1522027,295.1738,169.7982,185.8961,0.007418319,-0.01114427,-0.012208,0.1927378,0.3304552,-0.01164802,-0.008188706,0.8017077,-0.07528619,299.6526,205.3756,147.397,
1403.398,0.007492754,-0.01837269,0.04493191,-0.02552145,0.01736836,0.03504002,-0.04827078,0.4097965,0.1369527,6.539332,358.4318,359.245,-0.002996948,-0.05462377,-0.1629881,0.2894003,0.2679599,0.5005656,-0.08043618,0.7939978,-0.1531148,295.3297,170.3667,185.9755,0.008763224,-0.005711088,-0.004758232,0.01264489,0.3126402,-0.0341368,-0.007322246,0.8013013,-0.0751769,299.3033,205.1749,147.6995,
1417.491,0.007427908,-0.01163246,0.04407805,0.07384425,0.001469797,0.04291685,-0.04813534,0.4097118,0.1374479,6.328809,358.4625,359.2379,0.003769744,-0.04278283,-0.1297093,0.1816168,0.2672749,0.4210252,-0.07995571,0.7938242,-0.1538519,295.3065,170.4182,186.2315,0.002382785,-0.0007454259,-0.0002545129,-0.1099367,0.2429019,0.07919101,-0.008130688,0.8044415,-0.07359837,299.0911,205.6861,147.412,
1431.051,0.009007707,-0.01116059,0.04097604,0.1209841,-0.01020938,0.002989603,-0.04792869,0.4091709,0.1378862,6.197804,358.5118,359.3487,-0.00659616,-0.001642261,0.0005840657,0.0742574,0.1993485,0.2361669,-0.08040309,0.7945454,-0.1515791,295.1745,170.0629,186.4917,0.0002464247,0.0004314575,0.0006422892,-0.1105798,0.1755975,0.0915802,-0.008078326,0.8041282,-0.07298568,299.0626,205.8419,147.2871,
1444.941,0.01030342,-0.01566921,0.03476159,0.01785074,-0.02691524,-0.04331476,-0.0478034,0.4087687,0.1380675,6.490921,358.581,359.4263,-0.001431754,0.0008486446,0.001560781,-0.004723295,0.09631259,0.07477214,-0.08058088,0.7941222,-0.1512317,295.0101,169.7886,186.3648,0.005339651,0.00027541,0.001982404,-0.06704766,0.08883751,-0.06537937,-0.00818145,0.8043867,-0.07369649,299.0872,205.6395,147.2527,
1459.022,0.01099925,-0.02229775,0.02851659,-0.1178347,-0.02868662,-0.05874484,-0.04764615,0.408385,0.1383467,6.826221,358.6118,359.4646,-0.002387524,0.0002174974,0.001180513,-0.02193439,-0.01229952,0.0419355,-0.08063572,0.7939265,-0.1507393,294.9897,169.8769,186.263,0.02075769,0.002128685,0.009647149,-0.01535981,-0.1524507,-0.5228248,-0.008155337,0.8043545,-0.073594,298.7728,204.0231,147.4462,
1473.027,0.01136627,-0.02362818,0.02428771,-0.1874018,-0.02286888,-0.05340948,-0.04743347,0.4084418,0.1386289,7.025369,358.6157,359.4661,-0.008886639,-0.001894591,0.00123079,-0.007523323,-0.06565227,0.1540793,-0.08104216,0.793916,-0.1504765,294.9606,170.471,185.792,0.02595302,0.005493143,0.01630761,-0.01894395,-0.3376161,-0.7360541,-0.008090112,0.8043514,-0.07340206,298.5317,203.2893,146.9921,
1486.817,0.01156038,-0.01875682,0.02401955,-0.1058457,-0.03381537,-0.01503923,-0.04726355,0.4084711,0.1391757,6.851504,358.6601,359.385,-0.008773437,-0.002284194,0.0007657222,0.0556444,0.1044085,0.2361549,-0.08183654,0.7937815,-0.1506564,295.1183,170.8637,185.9043,0.02080043,0.006899872,0.01663873,-0.01162039,-0.4103545,-0.6694763,-0.008006441,0.8043772,-0.07317542,298.4597,203.2171,146.4051,
1500.808,0.01295129,-0.007490176,0.02419962,0.02934465,-0.04655423,0.01968715,-0.04701763,0.4087858,0.1394134,6.567621,358.7007,359.3329,0.00135871,0.003668627,0.003856254,-0.0336144,0.2300403,0.07725589,-0.08200244,0.7935012,-0.1505399,295.0089,170.0105,186.8481,0.01210857,0.007353864,0.01435631,-0.09796882,-0.2907211,-0.420707,-0.007941338,0.8044188,-0.07301386,298.2808,203.5864,146.1561,
1514.513,0.01465961,0.003252158,0.02319183,0.1134877,-0.04892736,0.004840173,-0.04671977,0.4089149,0.1397315,6.40137,358.7411,359.4047,0.00638858,0.006605537,0.005481401,-0.1502165,0.05371471,-0.122836,-0.08146401,0.7935361,-0.1497183,294.7751,169.6918,186.8534,0.005131079,0.00760311,0.01236337,-0.2505318,-0.05799057,-0.1357676,-0.007917818,0.8044406,-0.07296032,298.0112,204.0238,146.4124,
1528.358,0.01687274,0.007356074,0.01974641,0.1318336,-0.03438896,-0.01037137,-0.04640371,0.4088865,0.1397158,6.314479,358.7375,359.4355,0.0059225,0.006830498,0.006040861,-0.2086812,-0.1141647,-0.2045939,-0.08067496,0.7941207,-0.1482919,294.3572,169.4483,186.5932,-0.0002015163,0.005681022,0.007890898,-0.2927772,0.135801,0.09686633,-0.007935366,0.804436,-0.07301112,297.6651,204.4125,146.7295,
1542.423,0.018126,0.006873548,0.01485124,0.1196508,-0.0299624,-0.00136389,-0.04612553,0.4088963,0.1397679,6.260322,358.7474,359.4021,0.006161637,0.008732642,0.008366762,-0.2448143,-0.04017645,-0.1775874,-0.07991691,0.7948437,-0.1467907,294.1314,169.128,186.9121,0.003135819,0.001757571,0.003609022,-0.249595,0.3015717,0.1150201,-0.007981952,0.8043832,-0.07310589,297.5195,203.933,147.6445,
1556.509,0.01994309,0.009081258,0.009475758,0.1017886,-0.02574776,0.01381716,-0.04576987,0.4093966,0.1397192,6.204622,358.7524,359.362,0.008648711,0.01236976,0.0121414,-0.3214814,0.04754285,-0.1956951,-0.07911332,0.7957551,-0.1452355,293.7413,168.3901,187.6712,0.006267208,0.003046702,0.006620231,-0.265216,0.2384569,0.01108028,-0.008026755,0.8043197,-0.07318293,297.2393,203.6815,147.8403,
1570.397,0.0226133,0.01738542,0.006110456,0.151243,-0.03156665,0.02329771,-0.04536539,0.4101768,0.1397808,5.948064,358.7916,359.3406,0.006224149,0.01183969,0.01257933,-0.3536968,-0.07333412,-0.2146588,-0.07812087,0.796901,-0.1433756,293.364,168.3819,187.3865,0.01008109,0.00807439,0.01545627,-0.4039498,0.1412898,-0.1234574,-0.008055859,0.8042763,-0.07323012,296.6274,203.5919,147.6861,
1584.252,0.02597819,0.02986678,0.001831262,0.2674587,-0.04845512,0.03558285,-0.04490742,0.410818,0.1396969,5.505417,358.8544,359.3028,-0.001109011,0.009167997,0.01220163,-0.3691034,-0.2847769,-0.1775528,-0.07753088,0.7982371,-0.1412628,292.9591,169.2038,186.1833,0.01441784,0.01088264,0.02179038,-0.5333351,0.156381,-0.2073436,-0.008077162,0.8042428,-0.07326238,295.8898,203.3081,147.8726,
1598.047,0.02754312,0.03619502,-0.0032455,0.3502529,-0.08207089,0.06424379,-0.04449061,0.4111097,0.1395006,5.093053,358.9546,359.1872,-0.008811987,0.008657831,0.01494376,-0.4281445,-0.3964881,-0.08368108,-0.07782263,0.7998499,-0.1391039,292.4517,170.2535,184.9689,0.01683056,0.009661372,0.0214286,-0.528608,0.2098048,-0.2304632,-0.008106918,0.8041793,-0.07329108,295.388,202.7805,148.3774,
1612.057,0.02910264,0.03587573,-0.01162148,0.3380068,-0.108264,0.07991578,-0.04409651,0.4114187,0.1390223,4.941546,359.0619,359.1086,-0.01259755,0.01263936,0.02230229,-0.5844477,-0.4068529,-0.03017192,-0.07889897,0.8018892,-0.1367002,291.6911,170.9805,184.2523,0.01628997,0.007118344,0.0175982,-0.4295153,0.2066859,-0.2253395,-0.008136151,0.8041182,-0.07331962,295.1581,202.3806,148.7464,
1625.893,0.02901744,0.03062368,-0.02248179,0.2633762,-0.1065713,0.04123274,-0.04377426,0.4116575,0.138348,4.898345,359.1279,359.1834,-0.0172009,0.01410454,0.02701578,-0.6708764,-0.4224846,0.0500875,-0.0799222,0.8039863,-0.1342401,290.9569,171.942,183.3312,0.01776248,0.006132577,0.01704453,-0.3893873,0.1958272,-0.2702132,-0.008156703,0.8040646,-0.07332906,294.8407,201.8597,149.1251,
1640.008,0.02714108,0.02647537,-0.03378134,0.1796784,-0.07339977,0.006040129,-0.04349717,0.4121289,0.1375611,4.894882,359.1157,359.2278,-0.02063188,0.0130004,0.02763605,-0.6447681,-0.3670683,0.1686388,-0.08175276,0.8068458,-0.1312773,290.4743,172.9438,182.5808,0.02339373,0.007972609,0.02312961,-0.4883566,0.2138107,-0.3923739,-0.008175401,0.8039839,-0.07330564,294.1587,201.0226,149.6572,
1653.98,0.02472485,0.02741014,-0.04377131,0.150814,-0.04215595,0.003716797,-0.04317024,0.4128069,0.1367142,4.777889,359.0929,359.2053,-0.02294315,0.01240626,0.02858825,-0.6419886,-0.3532697,0.2338551,-0.08353938,0.8091978,-0.1291024,289.9596,173.9726,181.7375,0.02787862,0.01076055,0.030789,-0.6152788,0.2112361,-0.5076263,-0.008195532,0.8039075,-0.07329062,293.2969,200.2723,150.0758,
1667.552,0.023109,0.03236756,-0.05235846,0.1842709,-0.03822147,0.02018718,-0.0428609,0.4134233,0.1357917,4.52067,359.1283,359.1529,-0.02976317,0.01145894,0.03184956,-0.6853772,-0.4309547,0.3421579,-0.08575872,0.8113034,-0.1275172,289.3281,175.9362,180.0688,0.02909141,0.01433005,0.03858726,-0.7111084,0.1175248,-0.6221618,-0.008205738,0.8038465,-0.07326006,292.4164,199.8414,149.9799,
1681.637,0.02248941,0.03765339,-0.06231786,0.2413656,-0.0503536,0.04591697,-0.04257219,0.4139792,0.1346373,4.215292,359.1833,359.0747,-0.03680944,0.01242223,0.03855885,-0.751847,-0.3741565,0.5627168,-0.08890215,0.8141042,-0.1253107,288.6143,177.9764,178.7482,0.02558389,0.01691997,0.04221221,-0.6851317,-0.0753241,-0.707654,-0.00819264,0.8038243,-0.07319835,291.791,199.8806,149.2106,
1695.588,0.02091931,0.04026222,-0.07310143,0.256919,-0.06638229,0.0679701,-0.04238936,0.4145045,0.1333743,4.022072,359.238,358.9904,-0.03494452,0.01651123,0.04522594,-0.8296357,-0.186914,0.6815336,-0.09287356,0.8173419,-0.1228183,287.8329,178.9079,178.6624,0.01678867,0.01836269,0.04062247,-0.5812839,-0.2921728,-0.6800802,-0.008144187,0.8038584,-0.07308596,291.4763,200.5277,147.8424,
1709.591,0.01908689,0.04031128,-0.08333125,0.233579,-0.05969474,0.07009767,-0.04220751,0.4151234,0.1318813,3.909567,359.2531,358.9451,-0.02633572,0.01866709,0.04487074,-0.8573748,-0.1334819,0.5244253,-0.09531186,0.8198007,-0.1207668,287.0974,179.1095,178.6264,0.009381963,0.01828542,0.03709422,-0.5098507,-0.382969,-0.579789,-0.008093573,0.8039292,-0.07300231,291.2003,201.3336,146.617,
1723.479,0.01715977,0.03973544,-0.0943811,0.2201457,-0.0417865,0.04955812,-0.04196507,0.4156727,0.1302403,3.736129,359.2415,358.97,-0.01743153,0.01721084,0.03832395,-0.8343191,-0.2917859,0.1601362,-0.09780735,0.8229097,-0.1179328,286.4576,179.5853,177.5774,0.007597703,0.01666153,0.03404757,-0.5030276,-0.3105526,-0.4816907,-0.008040005,0.8040185,-0.07292639,290.8035,201.6583,146.1357,
1737.594,0.01584082,0.0408216,-0.1060013,0.2386703,-0.02244917,0.005554245,-0.0417424,0.416306,0.1284845,3.498063,359.2455,359.0618,-0.006483283,0.01398628,0.02668224,-0.6945561,-0.40169,-0.2308446,-0.09892532,0.8259647,-0.1152883,286.0678,179.5229,176.6713,0.01273177,0.01486619,0.03490265,-0.5688518,-0.144494,-0.4821903,-0.008002278,0.8040797,-0.07286926,290.1398,201.2074,146.451,
1751.254,0.01552023,0.0434886,-0.1156855,0.2672381,-0.01138516,-0.03154467,-0.0414784,0.4170136,0.1265907,3.226534,359.2404,359.1469,0.003749053,0.01188661,0.01705689,-0.5238845,-0.3298496,-0.4345699,-0.09882655,0.8275229,-0.1139241,285.8928,178.5982,176.9076,0.01506247,0.01506013,0.0379743,-0.6375603,-0.08978935,-0.5113174,-0.007984794,0.8040931,-0.07282753,289.4166,200.9716,146.3677,
1765.118,0.01560915,0.04646748,-0.125406,0.3028081,-0.01496457,-0.04453187,-0.04125898,0.4177242,0.1246379,2.926994,359.2733,359.1914,0.02238891,0.01012581,0.003551623,-0.2551262,-0.102712,-0.6948922,-0.09718306,0.8290756,-0.1133054,286.1525,175.6192,179.1519,0.01587487,0.0189423,0.04848459,-0.8339492,-0.1139787,-0.5903479,-0.007960241,0.8041322,-0.07278878,288.2803,201.4013,145.538,
1779.207,0.01618557,0.04969525,-0.1342439,0.3136774,-0.03054089,-0.03616808,-0.04100084,0.4185315,0.12257,2.67878,359.3185,359.1836,0.02850673,0.009722486,1.765881E-05,-0.200599,-0.1408278,-0.8911255,-0.09431537,0.8300552,-0.1129481,285.9738,174.0551,179.6887,0.01338268,0.02156398,0.05472295,-0.9306399,-0.1898775,-0.6328391,-0.007938804,0.8041806,-0.07276893,287.3117,202.341,144.1509,
1793.138,0.01667728,0.0521651,-0.1424458,0.3194854,-0.04603472,-0.007603186,-0.0408318,0.4192962,0.1203714,2.419968,359.3831,359.1353,0.02554021,0.007584973,-0.001653445,-0.1874559,-0.3784667,-1.043309,-0.09145495,0.8312371,-0.1124966,285.6298,174.1679,178.2864,0.00784196,0.0237374,0.05815667,-0.9603953,-0.3189424,-0.6489012,-0.007896395,0.8042697,-0.0727219,286.501,203.8921,142.05,
1807.029,0.01667377,0.05245706,-0.1500636,0.3302437,-0.05167399,0.01293295,-0.0406225,0.4199032,0.1181023,2.130427,359.4073,359.1015,0.0175961,0.009522379,0.005938777,-0.3267258,-0.4669183,-0.9614126,-0.089229,0.8327581,-0.1116852,284.9785,174.7567,176.9744,0.001937535,0.02430439,0.05757589,-0.9239525,-0.4263434,-0.6244413,-0.00784654,0.8044033,-0.07269363,285.8798,205.8458,139.6499,
1821.093,0.01566506,0.05009137,-0.158103,0.3308328,-0.03683326,0.03702505,-0.04046297,0.4203649,0.1156705,1.872908,359.3877,359.0442,0.0066685,0.01825026,0.02730328,-0.6940705,-0.2241971,-0.4994059,-0.08825956,0.8346904,-0.1102784,283.8915,174.8676,177.6026,-0.0001934562,0.02268158,0.05441704,-0.8712848,-0.4215239,-0.5733088,-0.007787107,0.8045718,-0.07266508,285.3129,207.3485,137.8483,
1835.065,0.01400651,0.04472437,-0.1660146,0.3115588,-0.01164862,0.05980619,-0.04033077,0.4207576,0.1131784,1.680828,359.3425,358.9657,-0.007615286,0.02781579,0.05477098,-1.109572,0.1211055,0.2529853,-0.088258,0.8373898,-0.1079378,282.4661,174.8964,179.4367,-0.002202049,0.02140186,0.05179474,-0.8238313,-0.4264182,-0.5354669,-0.007744373,0.804697,-0.0726452,284.7906,208.9839,135.9113,
1849.044,0.01176092,0.03794688,-0.1740014,0.266184,0.01353162,0.06848148,-0.0402026,0.4211239,0.1105311,1.558416,359.2787,358.9118,-0.02215076,0.03069885,0.07307539,-1.274865,0.3175348,0.9983244,-0.08975749,0.8404479,-0.1053623,281.2503,175.9441,180.6668,-0.003586954,0.01962822,0.04809405,-0.796686,-0.3852281,-0.4433589,-0.00769302,0.8048387,-0.07260904,284.31,210.4968,134.2362,
1862.814,0.01009309,0.03287307,-0.1806557,0.2243774,0.03435434,0.06490736,-0.04009992,0.4214429,0.1078588,1.44344,359.2184,358.8834,-0.02958669,0.02851923,0.07787259,-1.18898,0.3947356,1.441382,-0.09248729,0.8434415,-0.1030612,280.4365,177.1643,181.4372,-0.005248531,0.01765303,0.04321122,-0.79959,-0.310409,-0.2712632,-0.007663594,0.8049691,-0.07263233,283.8312,212.203,132.7299,
1876.912,0.008913636,0.02877379,-0.1866147,0.1936503,0.05852925,0.05436425,-0.03998215,0.4218009,0.1051556,1.332626,359.1289,358.8676,-0.02852133,0.02490596,0.07332361,-1.029223,0.385187,1.484557,-0.09573989,0.8460052,-0.1017603,279.8782,177.9067,182.0665,-0.0081511,0.01737673,0.04209289,-0.8958696,-0.2655488,-0.07608151,-0.007655605,0.8050902,-0.07271675,283.2102,214.7853,130.581,
1890.598,0.00766385,0.02691282,-0.1903907,0.1674402,0.08386294,0.039644,-0.03990269,0.4222327,0.1025158,1.245484,359.016,358.8703,-0.02593531,0.0226555,0.07047259,-1.007267,0.2631466,1.312571,-0.09815108,0.8481523,-0.1010128,279.0779,178.9545,181.6911,-0.01265764,0.01825834,0.04314398,-0.9859654,-0.3021379,0.06533106,-0.007662684,0.8052252,-0.07285871,282.6303,218.3923,127.3894,
1904.477,0.006947149,0.02720065,-0.1920957,0.1767866,0.1039593,0.03879735,-0.03983623,0.422681,0.09990074,1.055531,358.8984,358.8369,-0.02044878,0.02230549,0.07041889,-1.136723,0.09090281,0.9374203,-0.1012299,0.8514766,-0.09786698,277.9285,180.071,180.5677,-0.01387021,0.01820711,0.04440523,-1.054545,-0.3001602,0.1491066,-0.007672658,0.8053712,-0.07301319,282.0446,221.8931,124.228,
1918.697,0.006524201,0.02857659,-0.192894,0.2209856,0.1216868,0.04270216,-0.0397287,0.4230838,0.0972185,0.7740015,358.7622,358.8071,-0.01941382,0.01944914,0.0667558,-1.146328,-0.06737913,0.6865692,-0.1033705,0.8541254,-0.0954548,277.0113,182.5522,178.2145,-0.009578918,0.01657068,0.04519372,-1.036713,-0.2450747,0.07285832,-0.007695332,0.8055137,-0.07319762,281.4438,224.5608,121.6342,
1932.48,0.005988333,0.02956144,-0.1936805,0.26301,0.1434603,0.05111816,-0.03963327,0.4234487,0.09457872,0.5148441,358.6108,358.7638,-0.01918495,0.0156387,0.05998544,-1.088104,-0.206367,0.4529532,-0.1052497,0.8567123,-0.09300999,276.2655,186.0142,174.6344,-0.001098407,0.01585222,0.053648,-1.00613,-0.2272503,-0.3288494,-0.007700421,0.8056384,-0.07330822,280.7119,227.0143,118.3938,
1946.368,0.005628042,0.02892959,-0.1945636,0.2704632,0.1576863,0.0617746,-0.03950453,0.4237853,0.09179609,0.3122365,358.4533,358.7033,-0.01989145,0.01187922,0.05317813,-1.003808,-0.315114,0.2872244,-0.1071316,0.8590671,-0.09048117,275.6584,190.5688,169.9428,0.005689031,0.01755814,0.07280768,-1.031758,-0.3038729,-0.9759889,-0.007655928,0.8057727,-0.07327196,279.8228,231.5023,112.2194,
1960.222,0.005767796,0.02654632,-0.1959441,0.2483443,0.1569517,0.07424843,-0.0394273,0.4240116,0.08909509,0.1639442,358.3438,358.633,-0.02044904,0.01012028,0.05107177,-0.9331498,-0.313528,0.3363043,-0.10907,0.8612051,-0.08871048,275.1039,195.0542,165.7441,0.01202001,0.01748854,0.09135723,-1.119943,-0.2663002,-1.466756,-0.007554713,0.8059275,-0.07307027,278.7789,237.7549,104.2187,
1974.261,0.006263945,0.02392784,-0.1961371,0.2214725,0.133713,0.09562493,-0.0393191,0.4243035,0.08642109,0.03983919,358.2856,358.519,-0.01978108,0.01279936,0.06213649,-1.060814,-0.2278289,0.5630208,-0.111284,0.8632538,-0.08692376,274.1101,200.6164,161.057,0.01865722,0.013931,0.1015887,-1.310475,-0.06322715,-1.538111,-0.007460837,0.8060493,-0.07285748,277.5535,246.1289,94.95844,
1988.219,0.007241271,0.02266246,-0.1950198,0.1915596,0.09488349,0.1166832,-0.03918362,0.4246482,0.08383822,359.9318,358.2794,358.4001,-0.02367317,0.01427999,0.07975824,-1.307456,-0.2791613,0.8009964,-0.1135398,0.8655801,-0.08377104,272.88,217.8734,144.7332,0.01274908,0.01244643,0.1063927,-1.596762,-0.06848483,-1.282327,-0.007392876,0.8061707,-0.07272177,276.9693,260.3228,80.69154,
2001.792,0.008758768,0.02329539,-0.1927392,0.175226,0.06512344,0.09933199,-0.03901978,0.4250133,0.08130062,359.8017,358.2714,358.3893,-0.03143309,0.01091358,0.09012495,-1.437563,-0.4745895,0.9192833,-0.1165807,0.8683552,-0.07961525,272.5102,252.6942,110.706,0.007310439,0.010136,0.09988921,-1.687337,-0.09386249,-0.9282693,-0.007344118,0.80633,-0.07267276,276.9126,272.6078,68.62624,
2015.897,0.009916559,0.02460432,-0.1899722,0.1870988,0.05161006,0.04362091,-0.03880744,0.4253516,0.07873425,359.6198,358.2256,358.4905,-0.03922658,0.004084412,0.08568304,-1.294321,-0.6742397,0.9371826,-0.1198889,0.8706986,-0.07578404,273.2043,273.708,90.35914,0.01162153,0.006117287,0.09881631,-1.618086,0.03342833,-0.9928533,-0.00732197,0.8064545,-0.07268539,276.8168,283.8569,56.8732,
2029.854,0.01054678,0.02558983,-0.1869805,0.2120416,0.04539961,-0.006870049,-0.03858066,0.4256725,0.07621901,359.4068,358.1873,358.5808,-0.03707095,0.001075726,0.07602586,-1.101684,-0.6627302,0.87425,-0.1248062,0.8732272,-0.07184844,273.741,282.8102,81.86469,0.00979,0.004714593,0.1049807,-1.369009,0.04260308,-1.49669,-0.007271343,0.8065676,-0.07259046,277.217,292.9724,46.09943,
2043.692,0.01121835,0.02632791,-0.1830291,0.2297827,0.01329879,-0.00742089,-0.03836879,0.4260694,0.07381666,359.2023,358.2494,358.5598,-0.02613587,0.003459126,0.0722444,-1.138719,-0.5095484,0.6649312,-0.1280818,0.8750663,-0.0683616,274.1136,296.3458,68.41457,-0.004920643,0.007092584,0.1073095,-0.9348021,-0.1672781,-2.055197,-0.007158068,0.8067325,-0.07230423,278.2411,296.4011,40.39309,
2057.771,0.01250365,0.0263193,-0.1784171,0.2397929,-0.04064608,0.008230739,-0.03812832,0.4263824,0.07151093,358.9931,358.375,358.5254,-0.008755306,0.008816144,0.06741332,-1.225922,-0.2169599,0.3544769,-0.1295371,0.8766635,-0.06485344,274.3564,311.333,53.04819,-0.02106846,0.009262295,0.09807643,-0.5696917,-0.4041051,-2.165913,-0.006996227,0.8069733,-0.07186168,279.3711,296.6936,38.35355,
2071.748,0.01385802,0.0258401,-0.1732461,0.2403306,-0.09394787,0.009628491,-0.03798565,0.426613,0.0693042,358.8055,358.5343,358.5471,0.003251387,0.01143631,0.05925407,-1.269903,-0.01752347,-0.05775223,-0.1294291,0.878427,-0.0606948,274.8282,322.8779,40.59981,0.07662767,-0.7469945,0.8954141,-0.4449825,-0.5201451,-1.730533,0.07461284,0.7019628,0.2465221,275.7621,296.4588,40.02978,
2085.33,0.01331295,0.02472406,-0.1676974,0.2191166,-0.1177949,-0.007020364,-0.03790596,0.4268588,0.06719446,358.6753,358.6366,358.6005,-0.003541542,0.006693176,0.05180289,-1.158096,-0.1623811,-0.1879394,-0.1292567,0.8801796,-0.05623468,275.6067,324.0138,39.10296,0.0836117,-0.793754,0.8708454,-0.6158507,-0.356936,-1.115973,0.07607226,0.6898489,0.257288,276.0755,302.0994,34.77367,
2099.326,0.01126195,0.02438401,-0.1608511,0.1912201,-0.1127707,-0.03037178,-0.0377799,0.427296,0.06510021,358.5812,358.678,358.6784,-0.01087218,0.003203402,0.0542812,-1.038614,-0.286803,0.1333305,-0.1298518,0.8813619,-0.05304037,276.3647,325.4986,38.26278,0.1027166,-0.8275825,0.8629236,-0.8632783,-0.09658884,-0.7919784,0.07781538,0.6775242,0.2678453,276.3781,312.0321,25.12943,
2113.293,0.008785002,0.02673105,-0.153031,0.1940689,-0.100625,-0.04779134,-0.03774188,0.4278466,0.06323652,358.3965,358.7411,358.753,-0.004565148,0.006877869,0.07234608,-1.104632,-0.1587233,0.7655474,-0.1310172,0.8828468,-0.04845881,277.1926,334.0032,31.33976,0.1218837,-0.8695719,0.8540199,-1.002999,0.1194842,-0.9338326,0.07973211,0.6641843,0.2782653,277.0648,322.0159,14.60942,
2127.054,0.007395048,0.0308948,-0.143966,0.2358162,-0.08781469,-0.05623958,-0.0375914,0.4283874,0.06155118,358.1117,358.7731,358.8176,0.01291624,0.01271382,0.07844831,-1.266984,0.1648269,0.7825881,-0.1306747,0.8841936,-0.04390823,278.1107,343.9382,21.85805,0.1133792,-0.9075091,0.8365433,-0.9071443,0.005932033,-1.334735,0.08140825,0.650694,0.2884045,278.2626,324.4456,10.88976,
2141.015,0.006324917,0.03395758,-0.1349624,0.2967416,-0.07620056,-0.04976297,-0.03749177,0.4287642,0.05997887,357.7573,358.8054,358.8517,0.02567144,0.01514008,0.06330755,-1.296273,0.4602841,0.1445402,-0.1285306,0.885473,-0.03873128,278.8506,349.4801,15.08476,0.09317169,-0.9424201,0.8109896,-0.8502842,-0.2486875,-1.467837,0.08284841,0.6369335,0.2978213,279.6562,323.9585,10.48547,
2154.893,0.005417664,0.03355245,-0.1263756,0.3106515,-0.05567805,-0.03737816,-0.03745192,0.4290751,0.05851029,357.537,358.8025,358.8679,0.02356078,0.01227286,0.03995609,-1.116596,0.4841179,-0.5593631,-0.1256227,0.886546,-0.03420577,279.265,349.6777,13.1202,0.06513132,-0.9815154,0.7713209,-0.7980226,-0.6714424,-1.221528,0.08412865,0.6226175,0.3066306,281.0625,320.9702,13.4693,
2168.494,0.005072791,0.03141219,-0.117798,0.2513079,-0.03026889,-0.02884721,-0.03736502,0.4295318,0.05705325,357.4999,358.7775,358.8836,0.01360119,0.007700246,0.03319224,-0.9723381,0.2972904,-0.6114509,-0.1234371,0.8873259,-0.03027782,279.7756,348.5731,13.60916,0.07064149,-1.010672,0.7279421,-0.8436284,-0.7962075,-0.5037035,0.08609547,0.6082321,0.314963,281.7473,320.6285,15.01715,
2182.341,0.00507362,0.02827694,-0.1086229,0.2085799,-0.02421827,-0.008365167,-0.03730607,0.4298685,0.05583231,357.3737,358.8042,358.8476,0.01270789,0.007608461,0.0527312,-1.066062,0.2126467,0.07681584,-0.1220451,0.8880652,-0.02649063,280.768,351.8511,11.50179,0.1068275,-1.026564,0.6956373,-0.9311476,-0.5854374,0.1931041,0.08834971,0.5934855,0.3233088,281.828,323.6846,13.51502,
2196.434,0.005378878,0.02682136,-0.09869155,0.1989363,-0.03347301,0.03795376,-0.03722334,0.4302898,0.05479638,357.2024,358.8601,358.7295,0.02550606,0.01098649,0.07518078,-1.301779,0.3814203,0.6260874,-0.1201641,0.8888357,-0.02150085,282.2572,357.931,6.545913,0.1493934,-1.036163,0.6819076,-1.02726,-0.2912849,0.4884319,0.09118815,0.5789424,0.3320627,281.9915,328.3093,9.952629,
2210.361,0.005665381,0.02743724,-0.08804595,0.2111298,-0.04474843,0.07617868,-0.03719786,0.4307368,0.05395062,356.9902,358.9241,358.6255,0.04853959,0.01651011,0.07057781,-1.416894,0.9593551,0.2240875,-0.116314,0.8894537,-0.01521626,283.6041,3.889124,359.4909,0.1798695,-1.0463,0.6924065,-1.227882,-0.115287,0.3633178,0.09396666,0.5642197,0.341157,282.8382,333.0079,5.654198,
2224.198,0.00506945,0.02819174,-0.07685041,0.2233781,-0.0399526,0.07118123,-0.03721982,0.4310765,0.05324188,356.7913,358.9303,358.6291,0.06154303,0.01994459,0.03580064,-1.088852,1.527424,-0.9559289,-0.1102032,0.8896695,-0.008996463,284.0784,6.80735,353.2222,0.1855545,-1.060205,0.7038388,-1.490754,-0.2064828,0.1156153,0.09659943,0.5495432,0.3494473,284.4214,335.7039,3.215792,
2238.308,0.004068788,0.02677497,-0.06631477,0.2286531,-0.01546607,0.03475321,-0.03718209,0.431291,0.0526356,356.6135,358.8715,358.6841,0.196427,-1.252479,0.3853966,-0.5202929,1.729358,-1.763838,-0.1073065,0.8667104,0.001893977,287.5712,358.2728,354.9629,0.1947339,-1.071336,0.6899591,-1.661275,-0.3181168,0.03625839,0.1000199,0.5350778,0.3566482,285.9885,337.6028,1.810701,
2252.326,0.003187755,0.02515643,-0.0560049,0.1857131,0.009427816,0.01997659,-0.03708719,0.4316279,0.0521479,356.5788,358.8226,358.6722,0.1350147,-1.230939,0.3400793,-0.327355,1.08314,-1.73294,-0.1063183,0.8393674,0.01476053,287.662,355.0734,356.9951,0.2304211,-1.074548,0.6492737,-1.658956,-0.1889472,0.04823016,0.1043539,0.5204657,0.3628557,287.0672,340.1849,359.6146,
2266.071,0.002740556,0.024582,-0.04489795,0.154622,-0.0008734451,0.03323133,-0.03701958,0.4321113,0.05179669,356.4891,358.875,358.6075,0.09196556,-1.19881,0.3511165,-0.8433446,0.1470002,-0.5368624,-0.1058604,0.812447,0.02734895,288.9793,354.456,359.866,0.2892365,-1.071826,0.5929993,-1.457536,0.2988085,-0.06693415,0.1095035,0.5058208,0.3686367,287.5767,343.8206,355.5866,
2280.18,0.003048213,0.02578345,-0.03315006,0.171447,-0.0399071,0.04624924,-0.0369442,0.4325508,0.05171905,356.2784,358.9926,358.5662,0.1067906,-1.136103,0.3398089,-1.479281,-0.2705528,0.8374008,-0.1061565,0.7859123,0.04000471,289.4874,358.496,0.7043193,0.1338789,-1.053427,0.3924271,-1.358578,0.8439013,-0.3409413,0.07485664,0.4922852,0.3313468,289.5968,336.3952,3.274438,
2294.121,0.003142759,0.02765713,-0.02113801,0.1992354,-0.07754976,0.03731783,-0.03699848,0.4329078,0.05185471,356.0732,359.1148,358.58,0.1454625,-1.117899,0.3482656,-1.777963,0.05933196,1.157284,-0.1059951,0.7604694,0.0519892,291.5096,2.547827,357.6841,0.133266,-1.057476,0.3618757,-1.258023,1.125977,-0.9389163,0.07593375,0.477728,0.3347986,290.6085,338.3819,359.3463,
2308.1,0.002653595,0.02584736,-0.01018415,0.2060556,-0.08439228,-0.01075127,-0.03695743,0.4329113,0.05200955,355.9127,359.1394,358.7086,0.1638936,-1.09219,0.30157,-1.474791,0.9541405,0.226118,-0.1055507,0.7317821,0.06539851,292.2541,4.794074,353.2154,0.1043939,-1.064566,0.3425636,-1.243418,0.8886853,-1.160065,0.07670929,0.4629662,0.3382977,292.2086,339.0064,357.5503,
2321.612,0.001641901,0.01905852,-0.002218138,0.161752,-0.06731781,-0.08207356,-0.03686862,0.4331933,0.05175775,355.9126,359.1196,358.9112,0.1347598,-1.06873,0.2392687,-0.9217557,1.285855,-0.8427086,-0.1051688,0.7104985,0.07501282,292.1508,4.044512,351.0604,0.09477673,-1.067405,0.346849,-1.396237,0.432304,-0.8161187,0.07797939,0.4465137,0.342145,294.7189,341.4658,354.8373,
2335.599,0.0008832566,0.01106296,0.004392982,0.0595827,-0.04196614,-0.146693,-0.03686418,0.4331332,0.05196464,356.0935,359.0829,359.125,0.06258526,-1.029426,0.1631881,-0.4211191,0.7372047,-1.412169,-0.104998,0.6825558,0.08709548,291.471,0.3506841,353.0203,0.1039275,-1.058009,0.3259746,-1.670189,0.07140839,-0.1762621,0.07943362,0.4326811,0.3446318,295.9589,343.8697,353.9586,
2349.51,0.000419884,0.008567808,0.01182416,-0.03300258,-0.03365622,-0.1674071,-0.03687271,0.4331841,0.05234848,356.2666,359.0954,359.2465,0.0433313,-1.004916,0.1557045,-0.758728,0.1289013,-0.5921634,-0.1051686,0.6618899,0.0957177,292.4313,0.1055532,354.6506,0.1329196,-1.049288,0.3081771,-1.864353,0.08086253,0.3165063,0.08117978,0.418607,0.3471882,297.1011,347.2773,351.8087,
2363.255,-0.0003116583,0.01209129,0.0225387,0.01059657,-0.05444099,-0.1191592,-0.0369021,0.4337481,0.05337697,356.0496,359.193,359.2208,0.03226018,-0.983568,0.1892371,-1.570172,-0.6312882,0.5219706,-0.1057304,0.6382654,0.1056704,294.9355,1.240722,356.7358,0.1523112,-1.050758,0.3047813,-2.020783,0.2975753,0.354368,0.08291958,0.4043869,0.3503542,298.6457,350.1146,349.303,
2377.312,-0.001086476,0.01907432,0.03285816,0.1267884,-0.08504605,-0.05223533,-0.03705056,0.4341965,0.05423698,355.7042,359.3297,359.1568,0.01660211,-0.959713,0.2037275,-2.029364,-1.074739,0.8305303,-0.1066241,0.6151983,0.1156039,297.4384,1.172841,358.8552,0.1472415,-1.060291,0.3066858,-2.171055,0.4705095,0.04402702,0.08421125,0.3898147,0.3535631,300.6863,351.5285,347.5559,
2391.291,-0.002723381,0.02254235,0.04218537,0.2149989,-0.09906476,-0.02785565,-0.03718688,0.4343005,0.05502799,355.4152,359.3979,359.1975,-0.01954497,-0.9221863,0.1708588,-1.966917,-1.146572,0.3455368,-0.1079122,0.5894797,0.126659,298.9935,359.2559,1.050965,0.1293916,-1.070912,0.2937875,-2.21731,0.4760621,-0.1553321,0.08519401,0.3754251,0.355695,302.6233,352.3235,346.63,
2404.806,-0.004891807,0.01879653,0.04828493,0.1913902,-0.07469696,-0.05410713,-0.03731775,0.4341787,0.05570763,355.3979,359.3671,359.3245,-0.04871823,-0.8970318,0.1269388,-1.738247,-1.038669,-0.1009573,-0.1090754,0.5705455,0.1345571,300.0697,357.3761,2.721001,0.1147091,-1.078762,0.2653498,-2.158428,0.5154231,-0.2045501,0.08602794,0.3609977,0.3571832,304.2759,353.2274,345.6408,
2418.847,-0.006660343,0.01042867,0.05150947,0.08194315,-0.02858491,-0.1078645,-0.03742561,0.4340641,0.05634174,355.6141,359.2696,359.5179,-0.0757968,-0.8701163,0.065698,-1.382073,-0.9719306,-0.401314,-0.1106486,0.5487329,0.1432227,300.6624,355.4581,4.433409,0.09272565,-1.079078,0.2188046,-1.905282,0.5967413,-0.2988713,0.08676096,0.3463871,0.3583328,305.4972,353.646,344.7952,
2432.78,-0.008203552,-0.0001572764,0.05327034,-0.0467551,0.0164955,-0.165574,-0.03748791,0.4338512,0.05702835,355.8597,359.1527,359.7286,-0.08664038,-0.8451588,0.01418811,-1.100434,-1.052583,-0.3518797,-0.1124168,0.5271769,0.1512938,301.1741,354.3099,6.101901,0.08196168,-1.076461,0.187066,-1.749067,0.5776483,-0.2984143,0.08767504,0.3320966,0.3595352,306.6737,354.1171,344.1496,
2446.684,-0.008688791,-0.006822166,0.05421997,-0.1093098,0.03647622,-0.1680725,-0.03763455,0.4337441,0.05782133,355.9982,359.1046,359.8043,-0.08528361,-0.8222057,-0.009408316,-0.9825724,-1.297184,-0.08957499,-0.1142968,0.5058994,0.1589571,301.9452,353.8512,7.87706,0.07786612,-1.071696,0.157776,-1.725529,0.2660847,-0.1020488,0.08842564,0.3178906,0.3603227,307.8202,354.9164,344.117,
2460.621,-0.00878435,-0.009212116,0.05640216,-0.1177943,0.03625266,-0.1240811,-0.03777459,0.433678,0.05874941,356.0687,359.0965,359.796,-0.07924788,-0.8064544,0.0003673118,-1.099356,-1.533738,0.1299804,-0.1162346,0.4849283,0.1665199,303.3041,353.7166,9.521825,0.08654216,-1.066492,0.1302539,-1.885582,-0.409277,0.3744966,0.08904256,0.3036925,0.3604696,309.0513,356.5677,344.7808,
2474.483,-0.008384082,-0.008047738,0.06075239,-0.09859645,0.02349978,-0.08139563,-0.03789982,0.433739,0.05974314,356.0945,359.098,359.802,-0.07192212,-0.7999292,0.02509351,-1.387658,-1.551661,0.1425891,-0.1181725,0.4642327,0.1742115,305.1768,353.6088,10.563,0.09953483,-1.064842,0.1115781,-2.069821,-0.8588133,0.7399887,0.08980723,0.2898359,0.3604276,310.5136,358.457,345.2645,
2488.013,-0.007941709,-0.005820919,0.06502327,-0.06350933,0.02227737,-0.07965836,-0.0380213,0.4337144,0.06082867,356.0797,359.0628,359.8908,-0.0660729,-0.7944072,0.03091387,-1.551966,-1.23564,-0.03816503,-0.120061,0.4437398,0.1820146,306.8112,353.2735,10.84817,0.123146,-1.068249,0.1028923,-2.314048,-0.7137449,0.915512,0.0912208,0.276269,0.3604036,312.4722,0.4837373,344.6132,
2502.041,-0.007508673,-0.003637061,0.0686883,-0.03442908,0.03910553,-0.1055877,-0.03807588,0.4336304,0.06188819,356.0696,358.9601,0.04527963,-0.05124621,-0.779829,-0.00248867,-1.362472,-0.5123906,-0.2187184,-0.122094,0.4204285,0.1907881,307.4157,353.1348,9.921526,0.1416729,-1.065087,0.09410778,-2.424088,-0.01423927,0.871163,0.0926704,0.2630416,0.3602302,314.6361,2.061434,342.8331,
2516.027,-0.006588418,-0.001403936,0.07127123,-0.02803446,0.06131947,-0.1256762,-0.03809884,0.4336954,0.06288986,356.1057,358.8572,0.1549017,-0.04115724,-0.7561467,-0.05263773,-0.9574471,0.04811966,-0.366364,-0.1237259,0.4000991,0.1980984,307.3254,352.8157,9.077339,0.1386365,-1.052573,0.07025447,-2.303602,0.6968765,0.7125676,0.09387063,0.2499858,0.3593272,316.5835,2.899261,340.9449,
2529.994,-0.005351739,0.0004239047,0.07227662,-0.01435278,0.06709071,-0.1225741,-0.03806898,0.4337614,0.06388757,356.0852,358.793,0.2309067,-0.04314985,-0.7324091,-0.08216598,-0.7210608,0.1658933,-0.444696,-0.1252964,0.3799389,0.2050534,307.4287,352.2528,9.019876,0.1243053,-1.036351,0.02879043,-2.120307,0.9842661,0.646454,0.0944658,0.2370789,0.3575708,318.2335,3.613795,339.5866,
2543.843,-0.003241058,0.002064346,0.07358633,0.0009065142,0.06364778,-0.1083,-0.038038,0.43387,0.06495526,356.0635,358.7485,0.2776308,-0.04487387,-0.7237336,-0.07195667,-0.8711399,-0.09505165,-0.2641781,-0.1269155,0.3599941,0.211907,308.4215,352.3777,9.271208,0.09914325,-1.015709,-0.02227222,-1.902002,0.9015468,0.5801408,0.0946811,0.2244282,0.3551813,319.4911,4.158034,338.9567,
2557.596,-0.0008492358,0.003222949,0.07621399,0.01230889,0.06241021,-0.1020673,-0.0380176,0.4339252,0.06618035,356.0439,358.6816,0.3608749,-0.04771745,-0.7272969,-0.04866932,-1.151689,-0.4978912,-0.03592756,-0.1286615,0.3402082,0.218847,309.9657,352.8537,9.766706,0.07424657,-0.9926702,-0.07264311,-1.63575,0.6864828,0.5029731,0.09489317,0.2120238,0.3524953,320.3586,4.568521,338.7372,
2571.642,0.0008799024,0.002838857,0.07889438,0.01160646,0.07111929,-0.1097877,-0.03798676,0.4338885,0.0673798,356.0482,358.587,0.4682507,-0.04974037,-0.7339929,-0.03394629,-1.345675,-0.7598801,0.1123782,-0.13053,0.3204854,0.225877,311.5297,353.3646,10.18595,0.0652271,-0.9598162,-0.1192016,-1.282461,0.5169698,0.5249419,0.09547976,0.2000733,0.3496552,320.7522,5.173803,338.2901,
2585.457,0.003079049,0.0006570313,0.08077426,-0.008902951,0.09020423,-0.127667,-0.03786452,0.4338272,0.06852844,356.1254,358.4609,0.5935357,-0.04604812,-0.7322707,-0.03545613,-1.355365,-0.7622424,0.2100892,-0.1321841,0.3036002,0.2319095,312.7017,353.9304,10.18284,0.06581692,-0.9270869,-0.1429316,-1.281655,0.2869787,0.5006448,0.09609986,0.1890776,0.3470138,321.6412,5.764454,338.3087,
2599.517,0.004902216,-0.00125246,0.08202317,-0.05651996,0.09846811,-0.1177715,-0.03770292,0.43385,0.06964341,356.2739,358.3641,0.6323811,-0.0363446,-0.7099389,-0.04978199,-1.15016,-0.5810522,0.2501056,-0.1343247,0.2811822,0.2398574,313.1951,354.4322,9.875555,0.06719469,-0.8894259,-0.1500551,-1.392727,0.07409887,0.4141043,0.09699062,0.1789271,0.3445646,322.7788,6.21831,338.6549,
2613.526,0.006929843,-0.002004602,0.08359461,-0.08521795,0.08953799,-0.06667341,-0.03756511,0.433943,0.07082789,356.3636,358.3339,0.5522925,-0.03805161,-0.6877581,-0.04484569,-1.134147,-0.4350786,0.1085792,-0.1358248,0.2645608,0.2458079,314.0128,354.3348,9.84232,0.06224053,-0.8448354,-0.1523497,-1.525301,-0.002758314,0.2499742,0.09797791,0.1694715,0.3420414,324.1125,6.332286,339.1652,
2627.114,0.008253228,-0.0003617918,0.08557455,-0.07602998,0.06207285,0.0121773,-0.03747305,0.434108,0.07214466,356.3678,358.3668,0.3864136,-0.05413734,-0.6628476,-0.02016553,-1.328983,-0.3607625,-0.2237047,-0.1374997,0.2455202,0.2529098,315.4207,353.4487,10.27729,0.06403061,-0.8159327,-0.1544603,-1.630759,0.05697239,0.2000884,0.09904256,0.159656,0.3393491,325.5743,6.543598,339.3558,
2641.246,0.009722535,0.001625021,0.08780199,-0.039423,0.0343552,0.07785622,-0.03736019,0.434176,0.07347992,356.3024,358.4084,0.2343561,-0.07853441,-0.6367652,0.006104924,-1.558975,-0.3842125,-0.5943346,-0.1391914,0.2269734,0.2602918,317.2208,352.145,11.128,0.0647419,-0.79385,-0.1573038,-1.783984,0.3655489,0.1691997,0.1000762,0.1509836,0.3361994,327.4834,6.536748,339.1913,
2655.31,0.01082556,0.001910355,0.08986353,-0.01856163,0.01965103,0.08779366,-0.03723499,0.4340957,0.07478514,356.2997,358.4103,0.1998115,-0.09289187,-0.5970334,0.01051209,-1.614558,-0.4603477,-0.7869775,-0.1411914,0.2064315,0.2688909,318.8094,351.1418,11.97057,0.05935088,-0.7665209,-0.1615454,-1.609316,0.945156,0.2096273,0.1013457,0.1421006,0.3334374,329.0518,6.189374,338.148,
2669.32,0.01174135,-0.0004155468,0.08997546,-0.04394824,0.03167693,0.04981126,-0.03704792,0.433912,0.07590651,356.4209,358.3333,0.2554625,-0.09314896,-0.5584854,-0.006063925,-1.478821,-0.5356092,-0.7772768,-0.1427001,0.1914814,0.2752384,319.9189,350.6299,12.63106,0.05804481,-0.7327055,-0.1711901,-1.291192,1.398061,0.3568879,0.1024521,0.1339747,0.3302848,330.2477,5.926289,336.6662,
2683.289,0.01281184,-0.005065822,0.08831571,-0.08958903,0.0557176,-0.004193446,-0.03678511,0.4337506,0.07700752,356.5874,358.2286,0.3403662,-0.08871965,-0.5082288,-0.03794025,-1.210839,-0.6403014,-0.6851039,-0.1444359,0.1745303,0.282334,320.5791,350.3799,13.34711,0.05255448,-0.6873337,-0.1848161,-0.9417057,1.501925,0.4255376,0.1030654,0.1260519,0.3271185,330.9304,5.709976,335.4688,
2697.426,0.01450654,-0.007916234,0.0852617,-0.1216917,0.06478571,-0.0336568,-0.03649169,0.4337227,0.07807259,356.7226,358.1694,0.3858287,-0.0828929,-0.4589283,-0.07404497,-0.9124791,-0.8016783,-0.5598468,-0.1463455,0.1557015,0.2899027,321.0045,350.3601,14.1839,0.02906841,-0.6329163,-0.1965892,-0.815087,1.028721,0.1483585,0.1027733,0.119163,0.3240181,331.3201,5.429345,335.8822,
2711.007,0.0168015,-0.008655685,0.08140684,-0.1116682,0.05079225,-0.03544794,-0.03615636,0.4337453,0.07907361,356.7676,358.1647,0.3883549,-0.07593199,-0.4285446,-0.09262261,-0.7051713,-0.9292372,-0.4317279,-0.1478972,0.1398588,0.2958354,321.4577,350.4951,14.94712,0.00584178,-0.5855905,-0.203549,-0.7669274,0.3905201,-0.2444354,0.1025555,0.1128779,0.3210428,331.4962,5.101726,337.2775,
2724.943,0.01951915,-0.007548583,0.07652765,-0.07398356,0.03052261,0.007736084,-0.03593783,0.4337476,0.0800232,356.7362,358.1929,0.2609486,-0.06827122,-0.4099285,-0.0916064,-0.6447659,-0.9517334,-0.3559325,-0.1490271,0.1285445,0.2983815,322.0737,350.6064,15.50951,-0.01127157,-0.5287616,-0.2055895,-0.6456787,-0.3137037,-0.6327923,0.1024751,0.1071211,0.3184973,331.2446,4.798139,339.3474,
2739.066,0.02212849,-0.006274901,0.07277676,-0.03712304,0.01891912,0.01634385,-0.03561836,0.4336352,0.08096184,356.7106,358.1972,0.2838894,-0.05767452,-0.3984707,-0.07615817,-0.7212001,-0.8101678,-0.3076801,-0.1497991,0.120323,0.2988292,322.8643,350.6234,15.66406,-0.02058988,-0.4715798,-0.1910217,-0.4402619,-0.7272223,-0.8631569,0.1025323,0.1017187,0.3167794,330.8305,4.42165,341.1638,
2753.169,0.02403426,-0.005558846,0.0692321,-0.03510814,0.01232942,0.005424574,-0.03520775,0.4335369,0.08178455,356.7643,358.183,0.3083415,-0.04181015,-0.3868365,-0.05797009,-0.8415827,-0.5304385,-0.2363754,-0.150952,0.1013011,0.2960034,323.6581,350.623,15.31907,-0.02002132,-0.4348418,-0.1653975,-0.4618992,-0.7321979,-0.8984552,0.10281,0.09716518,0.3152688,331.0508,4.079201,342.3383,
2767.114,0.02611115,-0.005782504,0.06516187,-0.04351139,0.008284465,0.01817791,-0.03479776,0.4334996,0.08258246,356.8176,358.1879,0.2424302,-0.02477605,-0.370943,-0.04342033,-0.9362243,-0.2007634,-0.1255762,-0.150491,0.09730053,0.2948138,324.3578,350.6708,14.58176,-0.007779904,-0.4009509,-0.1397962,-0.5625818,-0.5288624,-0.7034184,0.1032747,0.09337538,0.3138812,331.6325,4.050993,342.6851,
2780.706,0.0281973,-0.005040107,0.06036074,-0.04855931,-0.005874989,0.01728055,-0.03434613,0.4335497,0.08322123,356.8612,358.2213,0.2517066,-0.007849697,-0.3501944,-0.03472115,-0.9397126,0.07541771,0.05207136,-0.1501864,0.09361231,0.293831,324.8495,350.9466,13.58393,0.01600943,-0.3550653,-0.1176964,-0.6828285,-0.2160205,-0.2683032,0.1038991,0.09054335,0.3124685,332.4545,4.533051,342.0367,
2794.744,0.03022937,-0.003622942,0.05545232,-0.04135216,-0.03182742,-0.01470156,-0.03382853,0.433551,0.08380263,356.8804,358.2948,0.3464161,-0.001312345,-0.3240579,-0.03241653,-0.8575026,0.2573404,0.1531923,-0.1500723,0.09029924,0.2927541,325.1545,351.1446,12.73409,0.02971794,-0.3109173,-0.1040028,-0.7411519,0.1913604,0.09552846,0.1044009,0.08814524,0.3108023,333.4018,4.848729,340.978,
2808.832,0.03146236,-0.001358205,0.04980952,-0.0174676,-0.05206595,-0.01587613,-0.03335205,0.433575,0.08432483,356.8361,358.3591,0.3386996,0.0007223515,-0.295443,-0.02894407,-0.7261583,0.295112,0.2118629,-0.1499647,0.08721317,0.2919873,325.3463,351.3674,12.14239,0.0265888,-0.2627953,-0.1031436,-0.5807778,0.694739,0.3160748,0.1048893,0.08649956,0.3090448,334.0815,4.585676,339.66,
2822.698,0.03142316,0.0006604893,0.04561689,0.01370485,-0.06210082,-0.002638194,-0.03296202,0.4337033,0.08486871,356.7801,358.4187,0.3152553,0.0007546041,-0.2687643,-0.0180261,-0.6410787,0.1829055,0.2201079,-0.149974,0.08458155,0.2916335,325.6486,351.6379,11.86616,0.01478821,-0.2106875,-0.1073977,-0.2152865,1.178389,0.488451,0.1053163,0.0851091,0.3076057,334.2903,3.95361,338.025,
2836.828,0.03112601,0.002134582,0.04189726,0.02916367,-0.06987946,-0.007050466,-0.03254466,0.4337248,0.08540048,356.7372,358.4812,0.3544839,-0.002256115,-0.2447526,0.001686672,-0.6415269,-0.004750274,0.177468,-0.1500446,0.08242384,0.2915674,326.1913,351.8878,11.85765,0.005350165,-0.1637314,-0.1086495,0.08861598,1.374135,0.6202442,0.1053385,0.08393716,0.3063093,334.2644,3.506941,336.5122,
2850.79,0.03028116,0.002035686,0.03824607,0.02519525,-0.07666921,-0.009850824,-0.03218786,0.4337249,0.08581194,356.7453,358.5552,0.364563,-0.007976098,-0.2192191,0.02131928,-0.6396238,-0.146764,0.1040342,-0.1502412,0.08068631,0.2916758,326.756,352.0379,11.97857,-0.005309086,-0.1302315,-0.1049213,0.2144413,1.225479,0.5761306,0.1049653,0.08291904,0.3053156,334.1631,3.268495,335.7375,
2864.657,0.02909677,6.82993E-05,0.03396247,0.009831192,-0.07206641,-0.005012744,-0.03183651,0.4335942,0.0861232,356.7632,358.5854,0.3595954,-0.01909434,-0.1900675,0.03465971,-0.6138843,-0.149754,-0.02032142,-0.1504603,0.07944559,0.2917815,327.2296,351.8713,12.13846,-0.02291034,-0.09910829,-0.09173865,0.1008576,0.6848956,0.3159132,0.1037001,0.08248159,0.3045081,334.1086,3.392063,336.1815,
2878.758,0.0271546,-0.00310053,0.02920676,-0.01119016,-0.0707259,-0.009909028,-0.03156243,0.4335347,0.08633704,356.8206,358.6418,0.3817037,-0.02901429,-0.1559869,0.04176779,-0.5490491,-0.06430836,-0.1247909,-0.1505818,0.07860424,0.2920347,327.546,351.5306,12.245,-0.04103394,-0.06668051,-0.08081103,0.02037829,0.04356248,-0.0655169,0.1025649,0.08240275,0.3037882,333.828,3.497426,337.4548,
2892.349,0.02557791,-0.004611076,0.02473462,-0.02605375,-0.06373186,-0.01280225,-0.03122583,0.4335167,0.0865562,356.863,358.6722,0.3979128,-0.02700591,-0.1154662,0.04661675,-0.4341931,0.02809508,-0.07288609,-0.1506392,0.07826421,0.2925138,327.6241,351.4786,12.05912,-0.06099436,-0.04209535,-0.06468306,-0.06460104,-0.4239393,-0.4852059,0.101462,0.08248034,0.3036251,333.6665,3.29046,339.2082,
2906.292,0.02387459,-0.003960834,0.02031898,-0.02038372,-0.05208579,-0.005098039,-0.03095065,0.4335964,0.08679049,356.8477,358.6955,0.3801298,-0.02072974,-0.07791165,0.05077093,-0.3189435,0.1183963,0.04478317,-0.1507898,0.07840025,0.2932806,327.5766,351.6203,11.66073,-0.06924331,-0.02224462,-0.04514263,-0.08347376,-0.6328752,-0.6667523,0.1007029,0.08265986,0.303853,333.5324,3.107349,340.527,
2920.361,0.02179325,-0.001608318,0.01715132,0.006504735,-0.04092574,0.005089534,-0.03072588,0.4336975,0.0869602,356.7864,358.7079,0.3619396,-0.02020335,-0.03845876,0.05573431,-0.2401519,0.2674387,0.1083517,-0.1510153,0.0790759,0.2941201,327.4813,351.6157,11.16211,-0.06602014,-0.001946428,-0.01861084,-0.05727432,-0.5604849,-0.6477765,0.1003613,0.08324751,0.3045866,333.4733,2.870595,341.2035,
2934.327,0.01965108,0.001030019,0.01424624,0.03532319,-0.0231249,0.01675262,-0.03050712,0.4337111,0.08709989,356.7021,358.6957,0.3306784,-0.02600941,-0.001820993,0.06079745,-0.1858738,0.400984,0.08798185,-0.1512812,0.08006782,0.2950351,327.3951,351.3929,10.76472,-0.04962518,0.01994447,0.0005522072,0.02577686,-0.349568,-0.3904569,0.1003292,0.08404051,0.3052081,333.3461,2.874369,341.0384,
2948.368,0.01710786,0.002076656,0.01145836,0.04680573,-0.004078673,0.03249811,-0.03033924,0.4336691,0.08715744,356.6627,358.6706,0.2805854,-0.03355174,0.02981711,0.06699274,-0.159516,0.4275284,0.02846538,-0.1516854,0.08140836,0.2960727,327.3906,351.1218,10.56992,-0.03189746,0.04435426,0.01308107,0.1269814,-0.120509,-0.1103432,0.1001834,0.0851689,0.3058093,333.1666,2.960591,340.4785,
2962.117,0.01534682,0.001009635,0.008467905,0.03176007,0.01332194,0.04674394,-0.03011194,0.4337447,0.08730416,356.685,358.6371,0.2075087,-0.04108855,0.05680052,0.07406648,-0.1524193,0.3263223,-0.06236198,-0.1521822,0.08311354,0.2971314,327.5012,350.8656,10.67353,-0.02598841,0.06907672,0.0212539,0.2544756,0.07972828,0.05684434,0.09987126,0.08654492,0.3065625,332.8887,2.887986,339.8963,
2976.26,0.01336714,-0.001716941,0.005022638,0.003132449,0.02393128,0.05875537,-0.02998792,0.4336883,0.08729137,356.7338,358.6198,0.1411463,-0.05059067,0.08365437,0.07872707,-0.1376562,0.1824784,-0.1716895,-0.152839,0.08528768,0.2980262,327.6628,350.5738,11.01792,-0.02496691,0.09657948,0.02457565,0.3732519,0.08508058,0.09719867,0.09950922,0.08842497,0.3072936,332.443,2.827878,339.6447,
2990.223,0.01157584,-0.004250843,0.0006371571,-0.02712646,0.02845151,0.06383742,-0.02987245,0.4335669,0.08717388,356.8026,358.5969,0.08886168,-0.05404073,0.1186643,0.07348418,0.008209836,0.01545111,-0.1983473,-0.153437,0.08795223,0.2986455,327.5253,350.4715,11.46381,-0.02551943,0.128886,0.02539009,0.4571513,-0.1040354,0.03531155,0.09900522,0.09076686,0.3079993,331.8409,2.855849,339.8644,
3004.078,0.01016566,-0.00529498,-0.002880353,-0.03529749,0.02990293,0.05774408,-0.02976471,0.4334642,0.08702958,356.8254,358.5731,0.05714735,-0.05072626,0.1556465,0.06584559,0.2126455,-0.1811284,-0.1331954,-0.1541049,0.09083413,0.2994383,327.144,350.6769,11.93629,-0.02849222,0.160633,0.02634236,0.498752,-0.3521776,-0.09133352,0.09847242,0.09346097,0.3088286,331.1951,2.877607,340.4738,
3018.199,0.008637768,-0.004786644,-0.005830939,-0.02617369,0.03115658,0.04849031,-0.02968879,0.4334111,0.08687553,356.8191,358.551,0.03364867,-0.04299681,0.1893666,0.06396471,0.3455749,-0.2831608,-0.0001899386,-0.1546646,0.09416389,0.3005487,326.7181,351.0983,12.13659,-0.03314223,0.1897805,0.03065604,0.5063599,-0.5128749,-0.2112072,0.09801012,0.09659451,0.3098029,330.6233,2.802814,341.1829,
3031.787,0.007219958,-0.003433065,-0.008532651,-0.01180172,0.03151224,0.04076722,-0.02963644,0.4334012,0.08670794,356.7957,358.5247,0.01141528,-0.03607306,0.2209083,0.06991493,0.3836368,-0.2156729,0.1088413,-0.1550614,0.09798019,0.3019687,326.3225,351.4167,12.02731,-0.03266042,0.2193027,0.03623394,0.4753842,-0.5672156,-0.2338069,0.09760788,0.1003152,0.3108205,330.1702,2.800368,341.6944,
3045.604,0.006035118,-0.003579599,-0.01115673,0.004294361,0.03039915,0.0398199,-0.02958812,0.4333469,0.08649696,356.7765,358.5135,359.9727,-0.03378788,0.2464439,0.0821872,0.3380139,-0.08894372,0.1511073,-0.1554796,0.1021075,0.3036376,326.0662,351.5522,11.79548,-0.03024595,0.255136,0.03920257,0.4969368,-0.4920028,-0.1738935,0.09727766,0.1047371,0.3117097,329.6945,2.791098,341.8577,
3059.706,0.004834682,-0.00547518,-0.01433211,-0.005705598,0.02458938,0.04629104,-0.02951771,0.4331988,0.08617787,356.8041,358.507,359.9234,-0.03029457,0.282811,0.1046509,0.2677739,0.04182307,0.2156179,-0.1558459,0.1072026,0.3058113,325.8694,351.7362,11.36902,-0.02828959,0.3010092,0.03751699,0.6219745,-0.3066022,-0.06303346,0.09702575,0.1098587,0.3125823,329.0394,2.698486,341.6328,
3073.693,0.003942771,-0.00852174,-0.0175498,-0.03278555,0.01661164,0.05293376,-0.02945295,0.4329743,0.08581372,356.8912,358.5129,359.8586,-0.02685219,0.3208817,0.1223306,0.2356979,0.1594578,0.3141017,-0.1564137,0.1128491,0.3080271,325.6058,352.055,10.77829,-0.02812265,0.3483299,0.03453134,0.7667884,-0.03388219,0.04635094,0.09682916,0.1154645,0.3134571,328.3357,2.46498,341.0916,
3087.566,0.003036357,-0.01109237,-0.02008811,-0.05301839,0.006915889,0.05266344,-0.02946974,0.4327279,0.08537154,356.9554,358.5249,359.8227,-0.03058023,0.3669045,0.1319106,0.277575,0.3410929,0.3681917,-0.1571607,0.119211,0.3101887,325.1342,352.227,10.08758,-0.03170327,0.3919874,0.03790847,0.8759388,0.2697563,0.07976093,0.09667278,0.1216116,0.3147282,327.7119,1.972343,340.4673,
3101.629,0.002154181,-0.01166106,-0.02218049,-0.05428779,0.003454641,0.04003983,-0.02945974,0.4326738,0.08505283,356.9879,358.5251,359.8273,-0.04368697,0.4165512,0.1359337,0.3458297,0.4701592,0.3298984,-0.1581883,0.1262609,0.312234,324.5891,352.1787,9.5908,-0.03207763,0.4304544,0.05084764,0.8692529,0.4717921,0.07587454,0.09670302,0.128397,0.3163599,327.281,1.461871,339.9304,
3115.641,0.000965721,-0.01088176,-0.02451048,-0.04067206,0.001182207,0.02830117,-0.02947654,0.4325497,0.08464718,356.9838,358.53,359.8227,-0.06836595,0.4763515,0.1391423,0.4258581,0.3618867,0.1657499,-0.1597966,0.1345152,0.3144069,324.1175,351.9428,9.777454,-0.02306877,0.4663054,0.06957796,0.7094417,0.4544597,0.07599463,0.09678324,0.1358692,0.318073,327.1022,1.259364,339.6386,
3129.163,-0.0001119124,-0.0111624,-0.02681452,-0.03844018,-0.004325071,0.02691207,-0.0294776,0.4323428,0.08415303,357.0209,358.5468,359.7876,-0.09119113,0.5223892,0.1427585,0.4971592,0.09134904,-0.01600512,-0.1615363,0.1428956,0.3166903,323.7503,351.6845,10.51875,-0.01115911,0.5034131,0.08234978,0.5806975,0.2335743,0.09442043,0.09681095,0.1438891,0.3197903,326.8102,1.38461,339.6327,
3142.989,-0.0008307835,-0.01325026,-0.0304396,-0.06405166,-0.01070201,0.02696928,-0.02946532,0.4320599,0.08354997,357.1402,358.5766,359.7638,-0.1095134,0.5783215,0.1470294,0.6059541,-0.2680569,-0.1392498,-0.1632808,0.152325,0.3191075,323.3542,351.5707,11.66037,0.001106376,0.5557685,0.09238179,0.5200245,-0.1407637,0.1375816,0.09674242,0.1528691,0.3216518,326.2617,1.851538,339.9147,
3157.186,-0.001623082,-0.01666506,-0.03428788,-0.1023193,-0.02155213,0.02447542,-0.02949332,0.4317288,0.08294146,357.2926,358.6079,359.7514,-0.1109759,0.6330339,0.153911,0.6414686,-0.4725825,-0.1092995,-0.1646897,0.1624797,0.3217393,322.9947,351.77,12.41627,0.009227548,0.6205503,0.09967753,0.4776368,-0.5069177,0.1930377,0.09651454,0.1631205,0.3234926,325.636,2.500244,340.3238,
3171.09,-0.002285462,-0.01941483,-0.03814532,-0.1300003,-0.03055355,0.007454703,-0.02958456,0.4314932,0.0823437,357.4404,358.6475,359.7726,-0.1021456,0.6846987,0.1613105,0.6154972,-0.4328583,0.01059851,-0.165841,0.1732169,0.3243952,322.6105,352.113,12.54266,0.003142554,0.6747025,0.0978229,0.5600194,-0.5624737,0.1679971,0.09623744,0.173639,0.3250236,324.9132,2.669926,340.5694,
3184.927,-0.003433002,-0.01987358,-0.04156435,-0.1324347,-0.03374981,-0.004232559,-0.02963941,0.4312766,0.08168487,357.5217,358.6661,359.7938,-0.09100222,0.7305731,0.1706773,0.5149615,-0.2259804,0.1324448,-0.1668756,0.1845105,0.3271883,322.2922,352.4312,12.1587,-0.01478589,0.7375627,0.09061117,0.7735306,-0.2924718,0.04057208,0.09613116,0.1849887,0.3266425,324.0618,2.069556,340.5527,
3198.966,-0.004610681,-0.01810106,-0.04455643,-0.116274,-0.03076491,-0.006675801,-0.02971879,0.4311398,0.08096923,357.5685,358.6865,359.7879,-0.09017915,0.7782199,0.1713651,0.4484807,0.1089965,0.1348933,-0.1681489,0.1966477,0.3294256,321.8849,352.3411,11.60777,-0.03612171,0.7970393,0.08567374,0.9450405,0.09066635,-0.2026707,0.09617995,0.1970277,0.3285306,323.3687,0.7775112,340.5982,
3212.866,-0.0060739,-0.01621661,-0.04686221,-0.09440368,-0.03339246,0.001399713,-0.02978313,0.430958,0.08021887,357.6115,358.7162,359.7732,-0.1009773,0.8331273,0.1515942,0.5736393,0.5037683,0.02195284,-0.1694804,0.2091631,0.3309523,320.993,351.7188,11.15855,-0.04354437,0.8316964,0.08791519,0.898406,0.1529031,-0.3483738,0.09613356,0.2090938,0.3302832,322.9365,359.8467,340.9744,
3226.64,-0.007315352,-0.01545238,-0.04909118,-0.09496065,-0.03374937,0.009974068,-0.02994721,0.4307667,0.07953134,357.7102,358.7486,359.7441,-0.1064533,0.885951,0.1216395,0.7893869,0.7724649,-0.02972384,-0.1706859,0.2220983,0.3322136,319.7707,351.164,10.72688,-0.04226258,0.8700278,0.08798553,0.7655455,-0.1332373,-0.4138705,0.09589259,0.222013,0.3317311,322.5196,359.3709,341.8981,
3240.637,-0.008303863,-0.01649268,-0.05072568,-0.1059904,-0.0343405,0.01576447,-0.03009227,0.4304982,0.07882765,357.8239,358.7767,359.7253,-0.1002169,0.9285214,0.1009725,0.8764929,0.7920063,0.02995045,-0.17181,0.235679,0.3337024,318.7611,351.0801,10.30694,-0.02998208,0.9146957,0.07441355,0.7087089,-0.6430029,-0.2895998,0.09572355,0.2356074,0.3324755,321.7514,359.6184,343.0116,
3254.537,-0.009339593,-0.01822534,-0.05191198,-0.1232954,-0.03072888,0.01975563,-0.03025612,0.4301713,0.0780858,357.9483,358.7928,359.6982,-0.09074084,0.9594891,0.09726147,0.7893478,0.5394526,0.1174204,-0.1729867,0.249695,0.3353865,318.2643,351.3701,10.20685,-0.01424395,0.9692365,0.04014451,0.870989,-1.100557,-0.04344223,0.09554213,0.2496832,0.3325396,320.3762,0.2536124,343.9923,
3268.464,-0.01050355,-0.02017023,-0.0518894,-0.137458,-0.01842474,0.02536831,-0.03039837,0.4298504,0.07740273,358.0759,358.7803,359.658,-0.0783921,0.9814951,0.1042989,0.6465241,0.1185378,0.2432005,-0.1741117,0.2637996,0.3372595,318.1133,352.0422,10.41824,-0.01208258,1.019386,0.003977665,1.105306,-1.132179,0.07891159,0.09538148,0.2640982,0.3325058,318.8832,0.41666,344.5847,
3281.91,-0.01162699,-0.02191544,-0.05092973,-0.14083,-0.005262237,0.02950106,-0.0305973,0.4295081,0.07674913,358.1883,358.7653,359.6246,-0.05994179,0.9985876,0.1193916,0.4621573,-0.170564,0.4078753,-0.1749133,0.2782603,0.3394894,318.1647,353.0047,10.37062,-0.0164356,1.05443,-0.01967489,1.216011,-0.7690606,0.04567035,0.09552777,0.2788034,0.3326632,317.774,359.9878,344.6574,
3295.771,-0.01308806,-0.02287952,-0.0495536,-0.1536309,0.001289204,0.03041442,-0.03082767,0.4292225,0.07615324,358.3396,358.7591,359.5965,-0.05574051,1.021284,0.1169404,0.3689814,0.1256608,0.316821,-0.175652,0.293356,0.3407809,317.9083,353.0685,9.792997,-0.0245427,1.080451,-0.03240943,1.233858,-0.3972513,-0.07022174,0.09549416,0.2937869,0.332814,316.9255,359.2291,344.6844,
3309.778,-0.01443884,-0.02489198,-0.04830457,-0.1686174,0.007997711,0.03228401,-0.03107909,0.4288602,0.07557349,358.494,358.7459,359.5538,-0.07215945,1.062996,0.07855318,0.6117274,0.7343734,-0.08132154,-0.17607,0.3086963,0.3408649,316.7897,351.7379,9.362136,-0.0280746,1.097522,-0.04096754,1.145587,-0.2271619,-0.136813,0.09520632,0.3090574,0.3324384,316.2865,358.6735,344.8341,
3323.637,-0.01583357,-0.02684317,-0.04732832,-0.1788132,0.009699053,0.04228311,-0.03130886,0.4284447,0.07491739,358.6483,358.7381,359.502,-0.07164569,1.101813,0.03341722,0.9485618,1.025392,-0.2484621,-0.1762917,0.323975,0.3408428,315.2916,350.706,9.053454,-0.03642057,1.122998,-0.05813025,1.181766,-0.206124,-0.2668346,0.09558687,0.3251314,0.3318081,315.4373,357.6615,345.5379,
3337.771,-0.01695509,-0.02747076,-0.04563576,-0.1740168,0.009099494,0.05121789,-0.03159063,0.4281467,0.07434709,358.7673,358.7418,359.4339,-0.04620365,1.126402,0.005677294,1.090196,0.8729964,-0.01693193,-0.1765595,0.3395419,0.3411162,314.061,351.0331,8.592907,-0.01308249,1.156305,-0.09883583,1.359551,-0.3816617,0.03077636,0.09594341,0.3409352,0.3300524,313.8774,357.918,345.7294,
3351.75,-0.01774085,-0.02626382,-0.04326508,-0.1609462,0.008697058,0.04665018,-0.0318656,0.4278595,0.07385319,358.8659,358.7355,359.4098,-0.01500308,1.137923,-0.006653887,1.058744,0.6146222,0.343015,-0.1767779,0.3550037,0.3413467,313.1745,352.2581,7.849162,0.002450753,1.185297,-0.1375538,1.549201,-0.5065832,0.2549214,0.09617768,0.3570278,0.3284306,312.1237,358.1884,345.9417,
3365.182,-0.01860987,-0.02400374,-0.04005586,-0.1582413,0.008198965,0.03719909,-0.03215721,0.4276119,0.07348572,358.9981,358.7303,359.4011,0.01734698,1.14224,-0.01059395,0.8536835,0.3264057,0.7333424,-0.1769287,0.371083,0.3414803,312.794,354.1608,6.825777,0.008874308,1.204156,-0.1567323,1.556998,-0.5137075,0.3154338,0.09649841,0.3734358,0.327088,310.7647,358.2003,346.2013,
3379.301,-0.01901911,-0.0223501,-0.03560783,-0.149111,0.009926344,0.0280474,-0.03242591,0.4273192,0.07315648,359.0994,358.7241,359.3813,0.02127973,1.14119,-0.002329119,0.5675337,0.202509,0.7660611,-0.1773644,0.3871487,0.3416772,312.8253,355.1936,6.154963,0.01033438,1.212307,-0.1626905,1.449368,-0.4618846,0.2981721,0.09674698,0.38966,0.3255894,309.7576,358.0975,346.4352,
3393.321,-0.01911842,-0.02162656,-0.03145702,-0.1509575,-0.003156667,0.01999112,-0.03267129,0.4270076,0.07287157,359.2297,358.7588,359.3761,-0.01127044,1.157613,-0.01969869,0.5139508,0.3389666,0.3063272,-0.1781163,0.4039348,0.3404568,312.5065,354.359,6.27892,0.007020105,1.211988,-0.1641232,1.25011,-0.3633693,0.1746932,0.09699781,0.406041,0.3238452,309.1613,357.6997,346.7502,
3407.216,-0.01903977,-0.02222334,-0.02705303,-0.1533399,-0.02239728,0.01844246,-0.03290807,0.426683,0.07263677,359.3575,358.8068,359.3578,-0.04301699,1.187425,-0.0813901,0.9440547,0.7620242,-0.2790192,-0.1780064,0.4199889,0.3379246,310.9201,352.3116,6.535748,0.0002404563,1.205027,-0.1623376,1.081201,-0.2491579,-0.01910624,0.09742638,0.4225049,0.3222259,308.7059,356.9117,347.228,
3421.304,-0.01900691,-0.02252288,-0.02237608,-0.15115,-0.04185804,0.0118193,-0.03321102,0.4264283,0.07252976,359.4697,358.8842,359.3617,-0.03421968,1.208384,-0.1578696,1.428293,1.320435,-0.5513403,-0.176921,0.4362172,0.3349578,308.7889,350.7963,5.737535,0.00715239,1.200811,-0.1575966,0.9166838,-0.09845313,-0.03760312,0.09792507,0.4389026,0.3206229,308.309,356.6671,347.1648,
3434.911,-0.01928884,-0.02061645,-0.0172019,-0.1278933,-0.05546662,-0.006787044,-0.03348848,0.4262885,0.07245214,359.5217,358.9383,359.4044,-0.0002087057,1.213925,-0.1978347,1.586524,1.542739,-0.4653888,-0.1758128,0.452337,0.332446,307.1013,350.5525,4.391042,0.01383967,1.200711,-0.1576202,0.8341047,-0.04276639,0.04267437,0.0981531,0.4551386,0.3188008,307.7755,356.7433,346.9873,
3448.957,-0.01967367,-0.01701319,-0.01222158,-0.09159455,-0.05746587,-0.02607687,-0.03376508,0.4261348,0.07249869,359.5143,358.975,359.4646,0.04814562,1.212113,-0.2214069,1.508725,1.535494,-0.1461944,-0.1744319,0.4685913,0.3297425,305.8528,351.5586,2.556389,0.0207071,1.201744,-0.1729699,0.8519146,-0.1712472,0.2718934,0.09818082,0.4712809,0.3164313,306.9131,357.2831,346.921,
3462.764,-0.02005797,-0.01280487,-0.006053745,-0.05985473,-0.05595227,-0.04044249,-0.03404163,0.4260553,0.07261974,359.5265,359.0142,359.5056,0.0882699,1.201701,-0.2298568,1.261965,1.362653,0.2206096,-0.1733436,0.484552,0.326912,305.1291,353.2865,0.6706335,0.01261176,1.198309,-0.1858918,0.9146438,-0.3205587,0.3279827,0.09792217,0.4871729,0.3141901,305.9695,357.2953,347.3752,
3476.866,-0.01976103,-0.01041958,-0.0004766434,-0.04782786,-0.05938499,-0.04722122,-0.03427669,0.4259195,0.07273667,359.5619,359.075,359.5528,0.1002577,1.178859,-0.2341328,0.9411942,1.165806,0.3657654,-0.1727487,0.500254,0.3236027,304.8651,354.5602,359.2514,0.0009044036,1.190645,-0.1959851,0.9455271,-0.4876162,0.3263522,0.09780233,0.5031526,0.3118856,305.0698,357.0088,348.2329,
3490.865,-0.01912439,-0.01066953,0.004337135,-0.04773707,-0.06153514,-0.04933892,-0.03451705,0.4256825,0.07293862,359.6079,359.1202,359.5966,0.06864399,1.163021,-0.2535083,0.8524992,0.9117482,0.1121708,-0.1727373,0.5158898,0.319524,304.3891,354.0379,359.2992,0.001847707,1.180554,-0.2023652,0.9050802,-0.5307614,0.3703578,0.09805904,0.5189457,0.3093466,304.3177,357.0261,348.7297,
3504.701,-0.01884707,-0.0122846,0.008859821,-0.05861597,-0.05920622,-0.04461115,-0.03478879,0.4255011,0.07318775,359.6819,359.1602,359.6172,0.02901165,1.153715,-0.2820158,0.9040861,0.470295,-0.1124255,-0.1725952,0.5311278,0.3151229,303.6906,352.6924,0.6405232,0.02652483,1.165684,-0.2139961,0.8165186,-0.4158542,0.5708323,0.09855412,0.5343525,0.306119,303.6343,358.0483,348.2177,
3518.43,-0.01930385,-0.01350869,0.01276667,-0.05036175,-0.05798746,-0.01852461,-0.03509852,0.4253473,0.07349773,359.6881,359.2111,359.5641,0.01929579,1.143235,-0.3012125,0.8489599,0.02567061,0.007039789,-0.1719957,0.5463047,0.3107944,303.1577,352.2932,1.807914,0.0413926,1.15332,-0.224346,0.7575957,-0.2654483,0.6556501,0.09875505,0.5494856,0.3030221,303.0004,359.0342,347.5178,
3532.373,-0.01952686,-0.01207862,0.01693084,-0.04418042,-0.06000827,0.007434962,-0.03540421,0.4254155,0.07388517,359.7245,359.2695,359.5124,0.03999284,1.127141,-0.3145238,0.7115173,-0.1668592,0.2773513,-0.1708986,0.5611504,0.3062734,302.7787,353.0082,1.967993,0.04343912,1.134753,-0.2306545,0.6105942,-0.1322008,0.6240488,0.09868405,0.5644035,0.2996736,302.6931,359.8178,346.8597,
3546.297,-0.01993307,-0.008218266,0.02248637,-0.03082077,-0.06866708,0.01674281,-0.03565365,0.4254475,0.07439288,359.7112,359.3309,359.5106,0.07233635,1.104913,-0.3268311,0.5889831,-0.0503103,0.4778631,-0.1695128,0.5754625,0.3015444,302.4009,354.2931,1.068964,0.027458,1.113286,-0.2347495,0.4144682,-0.1320718,0.4819401,0.09821539,0.579107,0.296009,302.6685,359.9798,346.867,
3560.322,-0.02025543,-0.004934195,0.02737237,-0.003046255,-0.06466483,0.01685503,-0.03596473,0.4254083,0.07494047,359.6509,359.3702,359.5041,0.0980611,1.079003,-0.3382606,0.4963549,0.2261422,0.5373209,-0.1683213,0.5896043,0.296695,302.0542,355.6891,359.5125,0.004701726,1.0878,-0.2421348,0.2784058,-0.1666014,0.290312,0.09776651,0.5932788,0.2923897,302.6887,359.6559,347.2765,
3574.373,-0.02060611,-0.003174007,0.03199147,0.007038643,-0.04878322,0.01057748,-0.03624547,0.4254259,0.07552487,359.6542,359.3748,359.5067,0.09439629,1.058681,-0.3571887,0.5848953,0.4352751,0.3395918,-0.1678538,0.6036281,0.2916371,301.4142,356.0464,358.5301,-0.01857399,1.060786,-0.2537895,0.2544079,-0.240706,0.115645,0.09726596,0.607003,0.288908,302.5564,358.9976,347.9986,
3588.292,-0.02088363,-0.002513581,0.03627296,0.002272694,-0.03594612,0.001627698,-0.03650242,0.4254276,0.07611111,359.675,359.3806,359.5239,0.05689295,1.048772,-0.3878411,0.8692269,0.426755,-0.1195522,-0.1676995,0.6174234,0.2861809,300.3338,354.4266,359.1958,-0.02945631,1.040263,-0.2815298,0.3895231,-0.4351155,0.2141974,0.0968519,0.6206337,0.2848116,301.916,358.8193,348.8091,
3601.766,-0.02072921,-0.002788695,0.03959517,0.007552966,-0.02315446,0.007011201,-0.0367566,0.425362,0.07677504,359.6446,359.3702,359.4945,0.02669416,1.038653,-0.4149664,1.119095,0.356519,-0.4349694,-0.1671891,0.6308059,0.2807341,299.1602,352.4419,0.3050508,-0.02306569,1.029246,-0.3222394,0.6599173,-0.6600288,0.6261239,0.09639933,0.634006,0.2802885,300.656,359.7798,349.1956,
3615.716,-0.02107443,-0.004033304,0.04338084,0.01845985,-0.01889356,0.02874101,-0.03705707,0.4252684,0.07749926,359.61,359.3864,359.425,0.02199649,1.024772,-0.4288035,1.176894,0.3328582,-0.5056853,-0.1663658,0.6440681,0.2753179,298.2281,351.2289,0.8712329,-0.01188883,1.017412,-0.3573871,0.8619057,-0.7996699,1.039787,0.09584635,0.6468661,0.2754715,299.3294,1.432541,349.1775,
3629.715,-0.02182492,-0.005588016,0.0470916,0.01080202,-0.02185821,0.05946451,-0.03740492,0.4251706,0.0782554,359.624,359.4162,359.3155,0.03823261,1.003052,-0.4348624,1.036483,0.2921319,-0.3313377,-0.1653401,0.6572568,0.2696428,297.6334,351.1931,0.773551,-0.00892587,0.9910811,-0.384857,0.9496226,-0.8290115,1.226819,0.09520223,0.6594258,0.2705311,298.2238,2.923654,349.0876,
3643.623,-0.02268644,-0.007433378,0.05010211,-0.004721159,-0.02372902,0.07385367,-0.03772129,0.4250637,0.07899814,359.6665,359.4304,359.2466,0.0540901,0.9797903,-0.427177,0.7338943,0.1981259,-0.005126465,-0.1649724,0.6701828,0.264219,297.4653,352.2065,0.2051574,-0.01759787,0.964552,-0.3965188,0.9022052,-0.717377,1.073377,0.09457349,0.6718632,0.2655078,297.5115,3.483422,349.1711,
3657.82,-0.02340849,-0.009783564,0.05294948,-0.02815632,-0.008513991,0.053508,-0.0381088,0.4247782,0.07986099,359.7276,359.4012,359.2676,0.04947568,0.9607477,-0.4185339,0.5062786,0.009717102,0.2035928,-0.1650393,0.6830013,0.2588598,297.4224,352.8018,0.2780067,-0.02091061,0.9345651,-0.4011028,0.7825623,-0.4685971,0.8547776,0.0942791,0.6839651,0.260576,297.0858,4.056154,348.7177,
3671.561,-0.02497257,-0.01216335,0.05665773,-0.05311935,0.01954024,0.02437226,-0.0384685,0.4245265,0.08076596,359.8192,359.3243,359.3042,0.01676475,0.9408801,-0.4041168,0.3056256,-0.4387958,0.2830981,-0.1656273,0.6959069,0.2537295,297.6411,352.1904,2.008106,-0.03414364,0.9077415,-0.4023939,0.666523,-0.2822408,0.5071109,0.09329909,0.6961531,0.2555202,296.7849,3.85471,348.6467,
3685.504,-0.02623119,-0.01268635,0.06103218,-0.06122912,0.0400737,0.02593601,-0.0388335,0.4244781,0.08177449,359.8693,359.266,359.2464,-0.0121305,0.9303215,-0.3911275,0.2732974,-0.6845837,0.08149702,-0.1656326,0.7084665,0.24883,297.7124,350.5047,4.166729,-0.05204199,0.8841859,-0.4007073,0.5302598,-0.2058059,0.1204826,0.09291381,0.7081913,0.2506949,296.6541,2.714906,349.3079,
3699.68,-0.02635609,-0.01022677,0.06688078,-0.04442818,0.03873112,0.03194414,-0.03917691,0.4245661,0.08287905,359.8518,359.2528,359.207,-0.02292432,0.9134663,-0.3829674,0.2421357,-0.6141251,-0.2978807,-0.1649339,0.7204074,0.2435116,297.852,348.4652,5.799037,-0.05396223,0.8581648,-0.3995912,0.4400434,-0.1997091,0.04449591,0.09237704,0.7194676,0.2455568,296.4637,2.294168,349.6979,
3713.706,-0.02544905,-0.00575494,0.07317335,-0.009297567,0.02521611,0.02493479,-0.03950661,0.4246002,0.08407421,359.7845,359.2713,359.224,-0.008910812,0.8943086,-0.3842373,0.1982323,-0.2685171,-0.5307626,-0.1639527,0.7321302,0.2378476,297.8943,347.4355,5.915064,-0.04542315,0.8369747,-0.4012031,0.3859016,-0.3346485,0.2909669,0.09188409,0.7306602,0.2402573,296.1424,2.778872,350.0133,
3727.562,-0.02468822,-0.004227088,0.07894656,0.02899957,0.01590766,0.02124072,-0.03984326,0.4243064,0.08537221,359.6953,359.2617,359.2113,0.01673615,0.8755423,-0.4063077,0.2778333,0.1337235,-0.535585,-0.1633881,0.7439736,0.2314635,297.4932,347.4196,4.987799,-0.01601799,0.8197588,-0.4145635,0.4527647,-0.4089766,0.8687899,0.09167109,0.7414413,0.2344087,295.5314,5.231879,349.1519,
3741.716,-0.02425527,-0.005714016,0.08370608,-0.006536973,0.01871757,0.03154974,-0.04020602,0.4241295,0.0866266,359.8267,359.2332,359.1478,0.01020211,0.8598645,-0.4341592,0.4407428,0.1107115,-0.448168,-0.1638183,0.7551836,0.2251927,296.9413,346.7199,5.447444,0.01048163,0.800687,-0.4416984,0.6432643,-0.3401171,1.279521,0.09106016,0.7515389,0.2279327,294.6913,8.438091,347.4,
3755.81,-0.02333054,-0.009151537,0.08664046,-0.0570421,0.03473587,0.02501891,-0.04050247,0.4238574,0.08792114,359.9655,359.1766,359.1611,-0.01571715,0.8408509,-0.4565248,0.6245183,-0.1482418,-0.3737554,-0.1644039,0.7661412,0.219208,296.3665,345.1071,7.264485,0.008588418,0.7793632,-0.4631677,0.7428062,-0.2417773,1.149625,0.09064567,0.7615718,0.2216025,293.9592,9.951804,346.4157,
3769.796,-0.02249224,-0.01255815,0.08978414,-0.1097044,0.04769059,0.01839044,-0.04076681,0.4237155,0.0891896,0.1443456,359.1166,359.1433,-0.03599787,0.8203655,-0.4587447,0.6455774,-0.3321297,-0.4149804,-0.1647184,0.7771913,0.2137584,296.1489,343.1825,9.242798,0.0079263,0.7462903,-0.4744308,0.6805726,0.02407999,0.8537923,0.09034539,0.7707404,0.2150665,293.6498,11.21852,344.9547,
3783.65,-0.02154083,-0.01497545,0.09332013,-0.1250128,0.04915459,0.02836954,-0.04106958,0.4235185,0.09059668,0.2276862,359.0867,359.0876,-0.05128711,0.7824773,-0.4449872,0.4735227,-0.4018832,-0.6522842,-0.1647166,0.787924,0.2081158,296.5342,340.9965,10.9682,0.0005636364,0.7077527,-0.4788644,0.5852193,0.3113644,0.4095222,0.08970505,0.7794131,0.2084331,293.5511,11.77968,343.5273,
3797.777,-0.02052116,-0.0167867,0.09603588,-0.1089886,0.04662868,0.02588042,-0.04135717,0.4232397,0.0919816,0.2728461,359.0569,359.0801,-0.0502571,0.7451217,-0.4378483,0.3237095,-0.3807895,-0.705691,-0.1647512,0.7974743,0.2019823,296.8645,339.6296,11.97032,-0.0187608,0.6733042,-0.4879952,0.5747863,0.4002315,0.06591108,0.08868282,0.7877892,0.2016163,293.2643,11.75657,342.7206,
3811.419,-0.01978694,-0.01730016,0.09850539,-0.1147778,0.04575783,0.01172367,-0.04162239,0.4229928,0.0934125,0.3929013,359.0165,359.112,-0.04584956,0.7123703,-0.4389121,0.2643589,-0.3946817,-0.580932,-0.1649971,0.8063208,0.1957863,296.9976,338.7549,12.86423,-0.03602551,0.6460437,-0.498969,0.5725375,0.3001958,0.05118584,0.08742426,0.7956982,0.1946546,292.8558,12.13264,342.2324,
3825.31,-0.01933922,-0.01845971,0.1005474,-0.1192036,0.04379962,0.01472213,-0.04191965,0.4227313,0.0948061,0.4957497,358.9881,359.0647,-0.04690281,0.6746064,-0.4482268,0.3138491,-0.4433237,-0.4423818,-0.165438,0.8144575,0.1894625,296.9354,337.7423,14.08304,-0.05749035,0.6095446,-0.5191518,0.5690532,-0.02785601,0.32527,0.08559702,0.8029626,0.1869111,292.2717,12.76251,342.5146,
3839.463,-0.01885441,-0.0203257,0.1019986,-0.1295861,0.03423867,0.02489118,-0.04222393,0.4224011,0.09624325,0.6275281,358.9863,359.0272,-0.05367759,0.6313261,-0.4595933,0.4152896,-0.4585063,-0.478498,-0.1657238,0.8219547,0.1830639,296.8423,336.0526,15.67819,-0.07209164,0.5802181,-0.5438221,0.7113724,-0.2762348,0.4738255,0.0842803,0.8099654,0.1792401,291.3259,13.2598,342.8325,
3853.526,-0.01822466,-0.02278222,0.1028868,-0.1474653,0.0220633,0.0121019,-0.04244155,0.4219983,0.09769014,0.7790931,358.987,359.0513,-0.05935045,0.5970941,-0.4638413,0.4494803,-0.4182014,-0.6572245,-0.1657947,0.8291155,0.1768469,296.9465,334.0053,17.20526,-0.06840548,0.5511379,-0.5575345,0.8498658,-0.2482428,0.4601932,0.08350393,0.8165495,0.1721902,290.4081,14.22363,342.1361,
3867.386,-0.01730765,-0.02502271,0.1042372,-0.1730058,0.02113415,-0.01062837,-0.04263783,0.4217138,0.09919965,0.9676989,358.9646,359.0981,-0.05492243,0.5497971,-0.4690134,0.4731024,-0.2598814,-0.8896469,-0.1652763,0.83541,0.1703003,297.0438,331.8976,18.33136,-0.04644643,0.5192047,-0.5505432,0.8272602,0.01554499,0.4778429,0.08287563,0.8226715,0.1654576,289.9995,16.47218,339.9227,
3881.483,-0.01634654,-0.02404386,0.1068231,-0.1813547,0.02732862,-0.03124548,-0.04282865,0.4215895,0.1008525,1.11177,358.9372,359.1512,-0.03106679,0.5123071,-0.4764929,0.5051833,0.01686915,-0.903517,-0.1646852,0.8412205,0.1639483,296.7464,330.715,18.5808,-0.02286881,0.4772012,-0.5275012,0.6523122,0.3618016,0.5869989,0.0816567,0.8280702,0.1587774,290.2129,19.73987,336.763,
3895.476,-0.01502524,-0.02033965,0.11139,-0.144152,0.03815792,-0.06333941,-0.04299112,0.421501,0.1025771,1.133393,358.885,359.2599,0.002671078,0.4623337,-0.4787768,0.4994368,0.4418574,-0.8369039,-0.1642207,0.8443069,0.1576952,296.1064,330.507,17.63518,-0.02646631,0.43791,-0.5095874,0.4075455,0.4620338,0.7192135,0.07988591,0.832996,0.1516422,290.6282,22.12482,334.8244,
3909.448,-0.01370351,-0.01625725,0.1167591,-0.07230853,0.06760239,-0.09409388,-0.04314607,0.4213153,0.104401,1.054281,358.7679,359.3946,0.01769434,0.421333,-0.4746462,0.513988,0.7340924,-0.9292269,-0.163908,0.8470928,0.1518276,295.5756,329.8731,16.82864,-0.06048159,0.4005726,-0.5102621,0.1576739,0.2712446,0.7473376,0.07740156,0.8374102,0.1434798,290.9415,22.80107,334.8123,
3923.099,-0.01205665,-0.01573822,0.1218249,0.01095291,0.1163084,-0.1501221,-0.0432559,0.4208747,0.1062323,0.9069582,358.5897,359.6356,0.02365044,0.3752124,-0.4667297,0.5772722,1.069652,-1.374372,-0.1630402,0.8494579,0.1460162,295.2415,328.2946,15.91592,-0.1147767,0.3774866,-0.5410635,0.2440181,-0.1547484,0.4133577,0.07511307,0.8417493,0.1349528,290.2373,21.24536,336.5316,
3937.343,-0.0106264,-0.01811218,0.1255055,0.03741509,0.1694394,-0.2194071,-0.04328015,0.4203737,0.1079591,0.9101984,358.371,359.948,0.03189173,0.3417552,-0.4666086,0.7110165,1.432933,-2.058676,-0.1612737,0.8533426,0.1397645,295.1988,325.8416,14.82775,-0.1575948,0.3477423,-0.6017986,0.7115719,-0.512751,-0.1375051,0.07374713,0.8451555,0.1261821,288.4885,18.62016,338.4977,
3951.201,-0.008232653,-0.02564057,0.125937,0.0004032155,0.191659,-0.1972259,-0.04319076,0.4195864,0.1095617,1.027065,358.2203,359.9731,0.04487271,0.3087814,-0.4844227,0.8731501,1.652993,-2.571171,-0.1591572,0.8566794,0.1323406,295.3619,323.2173,13.78216,-0.1582219,0.3252116,-0.6385537,1.084508,-0.5581428,-0.4290331,0.07263937,0.8486447,0.1179244,286.8851,17.34003,338.9908,
3964.994,-0.003634177,-0.03794964,0.1236498,-0.1025542,0.1439978,-0.0854091,-0.04303971,0.4186686,0.1111588,1.325679,358.2315,359.7773,0.0715095,0.2828711,-0.5295819,0.9336012,1.550223,-2.326052,-0.1570416,0.8598624,0.1233623,295.1501,321.671,13.29481,-0.1336903,0.3028867,-0.6558577,1.386375,-0.4398108,-0.5511507,0.07193825,0.8518127,0.1102574,285.324,17.51987,337.9522,
3979.01,0.001696449,-0.05123936,0.1212379,-0.2321569,0.05165879,0.02778623,-0.04291457,0.417738,0.1127154,1.742893,358.3797,359.5362,0.1072958,0.2616369,-0.6036018,0.8766726,1.117457,-1.163274,-0.1555095,0.862196,0.1131795,294.0451,321.6917,13.97664,-0.1039209,0.2792628,-0.6401104,1.450265,-0.361824,-0.4484869,0.07115119,0.8547124,0.103281,284.1145,18.3976,336.7196,
3992.689,0.006686371,-0.06232549,0.1179249,-0.3204821,-0.04758322,0.08143698,-0.04285784,0.4169828,0.114357,2.083525,358.5648,359.4279,0.1460989,0.2355305,-0.6790867,0.8178031,0.6074257,0.7607127,-0.15476,0.8635123,0.103303,291.8725,323.9755,15.35317,-0.07079585,0.2578695,-0.6129878,1.497189,-0.1892978,-0.1625991,0.07095093,0.8574674,0.09730637,283.017,21.67176,333.5024,
4006.656,0.008641034,-0.06078923,0.1160119,-0.3124391,-0.07311944,0.05231449,-0.04270408,0.4166245,0.1159444,2.245733,358.6014,359.4836,0.1685159,0.2008948,-0.7141079,0.8046147,0.3089818,2.614636,-0.1551048,0.8643833,0.09490079,289.494,329.0536,15.36108,-0.04216574,0.2406147,-0.5505528,1.102429,0.02643169,0.2920141,0.06962442,0.8602846,0.09150215,283.0751,25.76881,330.2385,
4020.706,0.008215528,-0.05190817,0.1137508,-0.1930302,-0.04566711,-0.001136373,-0.04260676,0.416172,0.1174073,2.118503,358.5645,359.5963,0.1629749,0.1666485,-0.7011026,0.8025342,0.2708501,3.379508,-0.155513,0.8654706,0.087734,287.8318,334.6002,13.63769,-0.05198386,0.2269671,-0.4965604,0.6183037,-0.04333106,0.5367776,0.06805417,0.8626448,0.08531088,283.3716,26.25265,330.7028,
4034.7,0.008170769,-0.04446144,0.1095795,-0.08433278,-0.00398452,-0.02117269,-0.04234923,0.415396,0.1188515,2.030754,358.4899,359.6193,0.1132277,0.1349941,-0.6332965,0.7242782,0.2340173,2.965192,-0.1560386,0.8670148,0.08245678,287.0847,337.0436,12.75969,-0.07790641,0.1979088,-0.4735842,0.5017011,-0.223434,0.2652288,0.06675177,0.8620392,0.07936166,282.9489,24.53032,332.3504,
4048.31,0.01036325,-0.04418361,0.1036247,-0.0893645,0.00697858,-0.007851926,-0.04204699,0.4145579,0.1199944,2.204602,358.4959,359.5702,0.04722881,0.1264667,-0.5499481,0.6814277,0.09616418,1.671662,-0.1561074,0.86879,0.077884,287.0169,334.0634,14.91269,-0.1020811,0.1590604,-0.4689727,0.6235306,-0.3866875,-0.4385095,0.06599167,0.8607463,0.07374569,282.0176,20.53559,334.926,
4062.32,0.01365762,-0.048959,0.09477517,-0.1623476,-0.01539167,0.0242976,-0.04175523,0.4137616,0.1210052,2.492501,358.5611,359.4658,-0.01506881,0.1243404,-0.462792,0.6693898,-0.1067294,0.3179077,-0.1562949,0.8705645,0.07429422,287.5432,328.6963,18.38096,-0.1172835,0.1245571,-0.4684161,0.842885,-0.553589,-1.138454,0.06548097,0.8607657,0.06830448,280.9108,14.49384,338.938,
4076.298,0.01595675,-0.05051019,0.08622018,-0.237163,-0.04390607,0.05036281,-0.04151635,0.4133672,0.1219719,2.801565,358.6378,359.3766,-0.05484556,0.1191008,-0.36606,0.5265883,-0.1916112,-0.6073845,-0.1568106,0.8718686,0.07165901,288.4154,325.0222,20.17454,-0.1125926,0.1002885,-0.4649869,1.063356,-0.6582886,-1.414012,0.06558677,0.8615356,0.06311413,279.7894,8.659053,343.1282,
4090.302,0.01658801,-0.04647215,0.07864431,-0.2118377,-0.05928818,0.06587718,-0.04131669,0.4130537,0.1228476,2.835785,358.6893,359.2966,-0.06618734,0.101717,-0.2997758,0.365101,-0.1362579,-0.7823181,-0.1577719,0.8726711,0.06905355,288.8122,323.9518,20.38105,-0.0729869,0.07996039,-0.4514996,1.128641,-0.5027745,-1.138593,0.06604138,0.862047,0.05817499,278.874,7.856554,343.2965,
4104.205,0.01629173,-0.03924289,0.07128275,-0.1263681,-0.06628495,0.06236158,-0.04110512,0.4126788,0.1236661,2.754909,358.7431,359.2675,-0.06865415,0.08360892,-0.2560495,0.3154269,-0.06440438,-0.5939857,-0.1588344,0.8733206,0.06680086,288.7294,323.5351,20.58844,-0.01818809,0.06833313,-0.4290352,1.14729,-0.1876506,-0.6725565,0.06677908,0.8626733,0.05382935,278.0271,12.40194,338.7238,
4118.024,0.01675159,-0.03227739,0.06344972,-0.06935173,-0.06069794,0.04065515,-0.04081601,0.4123036,0.1242921,2.746433,358.7753,359.2932,-0.0708895,0.0693295,-0.2259976,0.3220619,-0.02875397,-0.3452059,-0.159987,0.8738061,0.06477621,288.466,323.1219,21.08545,0.03090251,0.06274828,-0.3928696,1.087499,0.1198235,-0.3290688,0.06772198,0.8632454,0.05033522,277.4909,19.43034,331.7533,
4132.006,0.0177969,-0.02894178,0.05536723,-0.06157203,-0.05140077,0.0214865,-0.04050227,0.4118637,0.1247729,2.826817,358.7989,359.2975,-0.07764661,0.05631988,-0.1985424,0.3006296,-0.04556552,-0.1390553,-0.1614088,0.8742901,0.0630479,288.2761,322.768,21.65395,0.05889052,0.05758745,-0.3408048,0.9214971,0.2275698,-0.2310086,0.0688419,0.8638696,0.04766653,277.2589,23.47927,327.5469,
4145.927,0.01916372,-0.02849679,0.04755199,-0.08904051,-0.04083605,0.03789076,-0.04018408,0.4114986,0.1251413,2.974254,358.8046,359.2016,-0.09888807,0.04557881,-0.1743506,0.3060955,-0.2166229,0.001440412,-0.1633807,0.8747042,0.06174862,288.3351,321.5847,23.22768,0.06965186,0.05332636,-0.2985727,0.7855936,0.2129892,-0.2749048,0.07005575,0.8644674,0.04535007,277.0284,25.07401,325.5587,
4159.954,0.02043277,-0.02802217,0.03900601,-0.1243086,-0.03404052,0.06003638,-0.03990048,0.4112931,0.1254586,3.130247,358.8159,359.1136,-0.137409,0.03180058,-0.1348389,0.3092333,-0.5584216,0.1484897,-0.1657405,0.8749058,0.06139703,288.7881,319.6424,25.92218,0.0850049,0.04360892,-0.2186018,0.510727,0.1673725,-0.3227952,0.07177453,0.8648071,0.044665,277.1637,24.16158,326.1224,
4173.951,0.02059806,-0.02598113,0.03118013,-0.1043604,-0.03182201,0.06687729,-0.03965525,0.4110646,0.1256784,3.126797,358.8341,359.0567,-0.1630806,0.02277133,-0.09090235,0.2614118,-0.8136862,0.2377843,-0.1679268,0.875221,0.06150306,289.4043,318.0978,28.22246,0.09910114,0.03393919,-0.1617006,0.3454921,0.1839192,-0.1979443,0.07327458,0.8650284,0.04398092,277.2612,25.4044,324.9011,
4187.581,0.01975217,-0.02126752,0.0252993,-0.06592214,-0.03842406,0.08140219,-0.03941084,0.4110273,0.1259896,3.101883,358.8698,358.9577,-0.1705608,0.01704752,-0.04299011,0.08243157,-0.9275918,0.2339403,-0.1698527,0.8755002,0.06205938,290.1952,317.7035,29.20253,0.1109136,0.02733178,-0.1202482,0.279173,0.2212148,0.01688647,0.07478566,0.865229,0.0437235,277.265,28.34298,322.2865,
4201.685,0.01943767,-0.01448272,0.02067516,-0.0231785,-0.04528749,0.0767647,-0.03912555,0.4110602,0.1261708,3.037762,358.9133,358.9256,-0.1685561,0.01535223,0.01190201,-0.1548662,-0.9397295,0.06334542,-0.171699,0.8804716,0.06177341,291.1661,317.9026,29.13607,0.1296095,0.01913869,-0.06331915,0.1150102,0.3558076,0.3935409,0.07638349,0.8652353,0.04446284,277.6618,32.95222,318.5912,
4215.66,0.01825026,-0.008278297,0.0158902,0.02697749,-0.06853497,0.0815699,-0.03892754,0.4110278,0.1261836,2.928368,359.0081,358.8417,-0.1577249,0.01479474,0.03886226,-0.1687141,-0.8243332,-0.1206893,-0.1731082,0.885399,0.06136551,291.7685,317.404,29.44617,0.1425402,0.006477749,-0.01413338,-0.07793311,0.4741265,0.6648522,0.07778439,0.8647611,0.04527546,278.3329,36.4967,316.0045,
4229.606,0.01702677,-0.00579448,0.01009027,0.05411488,-0.08843811,0.09821734,-0.03882079,0.4108821,0.1262755,2.860575,359.0919,358.7249,-0.1415415,0.01818709,0.04801729,-0.05027556,-0.6784933,-0.2319259,-0.1742672,0.8888102,0.06151206,292.041,316.3782,30.2206,0.1357441,-0.005949854,0.01830514,-0.1168368,0.3582401,0.6709658,0.07913194,0.8642541,0.04633849,278.5234,37.31157,315.7462,
4243.489,0.01496433,-0.005994422,0.003611429,0.03094123,-0.07512377,0.06170708,-0.03860858,0.4108036,0.1263498,2.912894,359.111,358.7773,-0.1214828,0.01837361,0.05965485,0.0181762,-0.5605904,-0.3865128,-0.1747331,0.8914375,0.06218394,292.374,315.2804,30.85926,0.1220454,-0.02038735,0.0587353,-0.1095007,0.1182111,0.4549275,0.0809462,0.8637471,0.04853797,278.3568,35.32127,317.787,
4257.335,0.01232323,-0.006895377,-0.002191718,0.01053371,-0.02449459,0.01846117,-0.03850925,0.4107726,0.1261271,2.937241,359.0246,358.8384,-0.08031055,0.0226244,0.07080968,-0.02957149,-0.3050112,-0.4357625,-0.1744949,0.8948088,0.06269824,292.4327,315.2826,30.35722,0.1276729,-0.0267675,0.09920226,-0.1556168,0.1377805,0.3390282,0.08280896,0.8634521,0.05102254,278.5889,35.26714,317.9117,
4271.381,0.01050696,-0.004766159,-0.005894619,-0.004460924,0.03266981,0.001885952,-0.03841336,0.4108512,0.125912,2.960164,358.8992,358.8495,-0.03732207,0.01597106,0.0755582,-0.09085704,-0.007787613,-0.3994337,-0.1741469,0.8952674,0.06372183,292.2253,315.9557,29.2402,0.1405168,-0.02981764,0.1425975,-0.2843208,0.2945738,0.341647,0.08443003,0.8629478,0.05372133,279.2527,36.34012,317.0892,
4285.205,0.01044364,-0.0004897888,-0.007961619,-0.001691512,0.04441344,0.02144002,-0.03823972,0.4109987,0.1257276,2.938478,358.8771,358.7676,-0.008582385,0.002724689,0.07312241,-0.0317211,0.1442684,-0.3274316,-0.1737648,0.8954676,0.06475499,291.9393,316.0682,28.82608,0.1488034,-0.03904468,0.1781516,-0.4380826,0.426291,0.3844917,0.08602677,0.8619821,0.05649865,280.1083,37.03164,316.7591,
4299.272,0.01112359,0.003247772,-0.009726826,0.03781859,-0.02168743,0.07281988,-0.03801946,0.4111565,0.125539,2.807297,359.0419,358.5995,0.01203423,-0.004380234,0.07795295,0.005238055,0.1314527,-0.1076317,-0.1731654,0.8955767,0.06640533,291.7171,316.2424,28.87365,0.1458971,-0.06266181,0.2123772,-0.5490046,0.4494058,0.3162532,0.0873046,0.8603792,0.05945262,280.8834,36.51937,317.428,
4313.282,0.01263616,0.004438625,-0.01300642,0.09728476,-0.08931409,0.08335812,-0.03777955,0.4112551,0.1252626,2.610943,359.2125,358.5538,0.03311285,-0.002812682,0.09928763,-0.1436844,0.04368531,0.1297451,-0.172317,0.8956464,0.06841844,291.7938,317.4313,28.23306,0.1227705,-0.07521084,0.220964,-0.4597853,0.2254511,0.1609723,0.08825307,0.8591875,0.06240648,280.9076,34.8123,319.0713,
4327.217,0.01223672,0.004962407,-0.0160812,0.08417351,-0.07581935,-0.007319053,-0.03779221,0.4113403,0.1248857,2.651834,359.1996,358.7924,0.06238776,-0.004776759,0.1229383,-0.3715536,0.1064809,0.3029311,-0.1712389,0.8953918,0.07037297,291.8375,319.7554,26.35512,0.08174837,-0.08068042,0.2258615,-0.3090259,-0.1770981,0.0891363,0.08909019,0.8580869,0.0659746,280.3412,31.36449,322.6072,
4340.844,0.01038912,0.00580575,-0.01878501,0.05087425,-0.004460211,-0.07196844,-0.0376285,0.4114747,0.1244524,2.679375,359.0569,358.9297,0.07771944,-0.01291655,0.1291867,-0.4010587,0.1758527,0.3726384,-0.1704351,0.8946392,0.0720932,291.7165,321.3667,25.02585,0.07128552,-0.08705891,0.2392945,-0.330041,-0.2446403,0.2801173,0.08997368,0.8566843,0.06958067,280.3925,30.17361,324.4443,
4354.96,0.01073478,0.006628309,-0.02231214,0.0389678,0.03817243,-0.07619041,-0.03733966,0.411548,0.1240376,2.647752,358.9946,358.9533,0.08544694,-0.0255367,0.1258762,-0.2841447,0.2342194,0.4363713,-0.169521,0.8934975,0.07402973,291.3708,322.2906,24.39115,0.06637178,-0.09405935,0.2636116,-0.3830867,-0.2529523,0.4774289,0.09080443,0.8552045,0.07363294,280.617,29.46983,325.969,
4368.96,0.01376627,0.00702848,-0.02494325,0.03275549,0.007825947,-0.04068251,-0.03698964,0.4116595,0.1235695,2.629104,359.0852,358.8928,0.08749507,-0.03300603,0.1254124,-0.1438034,0.2643678,0.4877938,-0.1687482,0.8925251,0.07637501,290.9369,322.9279,24.07343,0.07217132,-0.102849,0.2852971,-0.4144635,-0.158108,0.5036234,0.09203423,0.8534791,0.07793529,280.9606,29.32331,326.5931,
4382.894,0.01692872,0.006912548,-0.02876722,0.03058552,-0.07695097,0.02239992,-0.03680569,0.4117292,0.123175,2.588346,359.3047,358.7511,0.0863304,-0.0353041,0.1380293,-0.1014739,0.2301728,0.4633471,-0.1678087,0.8918195,0.07914147,290.7382,323.4951,23.75328,0.08073837,-0.1137345,0.3049235,-0.4979261,-0.0147937,0.4599733,0.09303801,0.851674,0.08205146,281.5533,29.30444,326.9123,
4396.926,0.01782685,0.008551626,-0.0308934,0.01160994,-0.1268343,0.04382244,-0.0367215,0.4121098,0.1226977,2.633252,359.4645,358.6992,0.079256,-0.04182144,0.1618056,-0.1432858,0.09311917,0.337601,-0.1668986,0.8907982,0.08214436,290.9485,323.7401,23.63403,0.08277562,-0.1228838,0.3126681,-0.5357808,0.06886484,0.3861659,0.0939736,0.849658,0.08598242,282.0898,29.08175,327.3122,
4410.703,0.01557656,0.01095847,-0.03594529,0.06127404,-0.1290258,0.02907344,-0.03661928,0.4122869,0.1219318,2.41967,359.5138,358.738,0.0796268,-0.06404269,0.1862125,-0.1833875,0.009394803,0.2807514,-0.1655651,0.8889029,0.0853731,291.1508,324.108,23.44209,0.06835446,-0.1475277,0.3164006,-0.5697889,0.04480075,0.1059976,0.09433544,0.8467391,0.08976689,282.5378,27.18717,328.8941,
4424.594,0.01270076,0.01235655,-0.04380386,0.1216615,-0.05442485,-0.04024283,-0.03648481,0.4122834,0.1211067,2.250529,359.3939,358.9355,0.1007623,-0.08935717,0.2133741,-0.3093116,0.09000844,0.4476959,-0.1640691,0.8869236,0.08895548,291.1027,326.1261,21.92332,0.02565075,-0.1597095,0.3026531,-0.325787,-0.3478968,-0.3735574,0.09471167,0.8442457,0.09384311,281.9515,21.99184,333.2669,
4438.587,0.01007094,0.01203566,-0.05165563,0.1056746,0.01818157,-0.0756437,-0.03632009,0.4123477,0.120144,2.258884,359.2665,359.0327,0.1340866,-0.1124569,0.241598,-0.4923143,0.3028941,0.7029604,-0.1624933,0.88403,0.09304497,290.9337,329.8073,18.88364,0.002438061,-0.1704535,0.2994038,-0.1192202,-0.5760884,-0.5779955,0.09551894,0.8416704,0.09869,281.3865,17.22635,337.425,
4452.348,0.008964792,0.01049162,-0.05976804,0.07420835,0.04614532,-0.03298,-0.03616063,0.4125313,0.1190536,2.249428,359.2224,358.9158,0.1508874,-0.1352814,0.2556096,-0.4460354,0.4648667,0.7327828,-0.1611239,0.8807814,0.09708409,290.6158,332.4207,16.55979,0.006459378,-0.1793405,0.3199446,-0.2115142,-0.5208411,-0.3649875,0.09596287,0.8390898,0.1034605,281.5655,15.38193,339.459,
4466.295,0.009023823,0.01119553,-0.06726167,0.05429098,0.01665252,0.03879037,-0.036082,0.4129144,0.1179932,2.227853,359.291,358.7394,0.1410778,-0.1470154,0.2534098,-0.2104832,0.4228389,0.5242009,-0.1596957,0.8780822,0.1008593,290.2766,332.6382,16.28057,0.02295437,-0.1840313,0.3391846,-0.3328815,-0.3221558,-0.01101741,0.09649816,0.8364754,0.1080553,282.0118,16.13457,339.3155,
4480.286,0.008380635,0.01596224,-0.07393216,0.06151757,-0.0331342,0.1027446,-0.03610221,0.4134728,0.1168746,2.139246,359.3924,358.5681,0.117635,-0.1652166,0.2467017,0.08408447,0.234244,0.1688118,-0.158238,0.8748518,0.1046291,290.0515,330.7757,17.77286,0.04495258,-0.2009588,0.3495764,-0.4350611,-0.01776755,0.2134235,0.09707128,0.8327395,0.1124207,282.6728,18.38433,337.5197,
4494.182,0.004559048,0.02211794,-0.0803678,0.1270006,-0.05516325,0.1478172,-0.03628235,0.4139393,0.1155305,1.875168,359.4335,358.394,0.105718,-0.1985771,0.2347967,0.4284063,0.1402508,-0.2126842,-0.1559994,0.8703783,0.1084166,289.6812,327.7881,19.99938,0.04904495,-0.2322856,0.3444449,-0.4311186,0.1890197,0.1121791,0.09710408,0.8284371,0.1162969,283.1933,19.60915,336.1377,
4508.032,-0.0005169623,0.02490335,-0.09119849,0.2259654,-0.008151209,0.1211529,-0.03640157,0.4140786,0.1138299,1.525942,359.2995,358.4167,0.1328254,-0.2447733,0.2220516,0.6868762,0.337538,-0.4866585,-0.1526051,0.8643908,0.112219,288.9429,325.6988,20.95005,0.01201528,-0.2601899,0.3235743,-0.2619177,0.09944344,-0.4834366,0.09635244,0.8240905,0.1199666,283.1254,16.94135,337.5353,
4522.086,-0.00409656,0.02096488,-0.1034685,0.2398932,0.08366553,0.03703481,-0.03642437,0.413872,0.1120176,1.395127,359.0485,358.5872,0.1906598,-0.2934424,0.2122772,0.7425314,0.6075976,-0.3864147,-0.1488273,0.8576334,0.1158835,287.9377,325.8013,20.20528,-0.05723067,-0.27868,0.2915992,0.05651784,-0.2272281,-1.261644,0.0940959,0.8216872,0.1221059,282.5384,10.1327,342.2827,
4535.811,-0.006561011,0.0124601,-0.1169605,0.1384388,0.1631704,-0.01596892,-0.03647549,0.4137439,0.1099339,1.55373,358.8228,358.6449,0.2444372,-0.3431886,0.2120196,0.5277815,0.6772118,0.31589,-0.1457444,0.8510156,0.1191808,286.9984,328.908,18.12411,-0.1310195,-0.298279,0.2614164,0.2843937,-0.650403,-1.664476,0.088809,0.8240564,0.119973,282.0793,1.038348,349.7284,
4549.797,-0.006111722,0.004905242,-0.129601,0.00392217,0.1688563,-0.002771852,-0.03642908,0.4138506,0.1077649,1.79453,358.7352,358.5735,0.2762729,-0.4036243,0.2211191,0.2147296,0.59285,1.372642,-0.1435456,0.8434094,0.1228188,286.3164,334.7851,14.83412,-0.1823691,-0.3188315,0.2459879,0.3861478,-1.01492,-1.669666,0.08377444,0.8264142,0.1178462,281.9778,351.8514,357.9917,
4563.643,-0.003175378,0.003053108,-0.1387565,-0.07178473,0.1131332,0.02852816,-0.03644621,0.4141868,0.1057628,1.920185,358.7885,358.4737,0.2842996,-0.4590926,0.2277088,0.167115,0.5383201,2.115377,-0.1415753,0.835259,0.126893,285.5919,340.7722,11.54733,-0.1897245,-0.3432941,0.2522176,0.3424594,-1.115648,-1.309075,0.08129293,0.8228133,0.1203508,282.1151,346.1555,3.562345,
4577.747,-0.0007120743,0.008822116,-0.1427495,-0.05497383,0.03527476,0.06005818,-0.03650036,0.4146854,0.1038534,1.842783,358.8931,358.3799,0.26805,-0.5279297,0.2343233,0.3315699,0.5957163,2.035868,-0.1393855,0.8258379,0.1313798,284.7244,344.5227,9.091297,-0.1557339,-0.3687641,0.2664127,0.1803366,-0.8752077,-0.7228673,0.08010677,0.8168916,0.1240275,282.2026,345.6804,4.543824,
4591.732,-0.0002771989,0.01857857,-0.1449777,0.05411274,-0.02121057,0.07986634,-0.036603,0.4152032,0.1018073,1.547374,358.9692,358.3016,0.2424489,-0.5779068,0.2369843,0.6075225,0.7223029,0.9846601,-0.1363394,0.8163516,0.1356568,283.7267,343.8248,8.563183,-0.1055427,-0.4005609,0.2745629,0.08223876,-0.4267338,-0.3245537,0.07913696,0.8099868,0.1276649,282.0964,348.3268,2.199717,
4605.575,-0.002332523,0.02647723,-0.1470316,0.1972044,-0.03950396,0.07938087,-0.03677388,0.4155098,0.09977291,1.127075,358.9868,358.2669,0.2260059,-0.6134397,0.2393597,0.9218029,0.8129743,-0.03016875,-0.1331927,0.8066233,0.1400764,282.6303,341.3342,8.928363,-0.08447864,-0.4319657,0.2783307,0.1363419,-0.1887009,-0.3938141,0.07806756,0.8029201,0.1317848,281.9465,348.5524,1.46234,
4619.392,-0.005655508,0.02877601,-0.1505408,0.279228,-0.01556584,0.04671721,-0.0369592,0.4156211,0.09752269,0.8325142,358.9215,358.3304,0.2213965,-0.6525567,0.2502879,1.176069,0.9162887,-0.8063577,-0.1301593,0.7960319,0.1449236,281.5874,338.9031,8.841475,-0.09449971,-0.4742418,0.2892239,0.1744598,-0.1843672,-0.627705,0.07634446,0.7951327,0.1363603,281.9911,346.1671,2.972626,
4633.376,-0.008905195,0.02514947,-0.1552182,0.259766,0.03082016,-0.0002662545,-0.03711909,0.4156429,0.09522577,0.7490903,358.7958,358.4199,0.2291003,-0.6996421,0.2818563,0.9929827,1.062033,-0.8962322,-0.127726,0.7848136,0.150033,281.0721,341.4979,4.898826,-0.1245684,-0.5150063,0.2977515,0.1292626,-0.3697733,-0.6204024,0.07396616,0.7869538,0.1403855,282.2608,342.8206,6.038111,
4647.415,-0.01031267,0.0183064,-0.1594728,0.167516,0.07709176,-0.04327159,-0.03720522,0.4156861,0.09287304,0.8305016,358.6716,358.5209,0.2234936,-0.7333845,0.3110742,0.5901837,1.01499,-0.4216458,-0.1262883,0.7738853,0.155115,280.983,346.2684,0.4132792,-0.1519328,-0.5534389,0.3012979,0.1183342,-0.5826938,-0.6100368,0.07195973,0.7783458,0.14439,282.6241,338.6864,9.988719,
4660.924,-0.009778611,0.01265112,-0.1622656,0.06568438,0.0881616,-0.06387917,-0.03722984,0.4158347,0.0905898,0.947744,358.6182,358.5865,0.1921169,-0.7702418,0.3515532,-0.002579506,0.7679087,0.5235312,-0.1261344,0.7622384,0.1610896,281.5091,352.2271,356.5662,-0.1638974,-0.6035166,0.3040817,0.1184903,-0.6778984,-0.7508714,0.07056904,0.768871,0.1484646,283.1097,334.7055,13.41116,
4675.007,-0.008306529,0.01161912,-0.1615055,0.03222116,0.05883779,-0.04774408,-0.03729254,0.4161773,0.08843947,0.9149039,358.6525,358.5671,0.1486526,-0.794591,0.3822893,-0.3554886,0.4595867,0.974721,-0.1258952,0.7507392,0.1669244,282.1679,355.2853,355.1707,-0.1564826,-0.6359839,0.3055072,0.123403,-0.618127,-0.9518251,0.06959026,0.7594873,0.152547,283.5817,331.7687,15.42598,
4689.056,-0.006931674,0.01476784,-0.1585052,0.08266006,0.01147204,-0.0215388,-0.0374095,0.4165508,0.08647296,0.6956446,358.722,358.5388,0.09717839,-0.8108873,0.3959594,-0.4180703,0.09811397,0.8269985,-0.125411,0.7389423,0.1724267,282.6111,354.2,356.8919,-0.1328451,-0.6658054,0.3057134,0.1546134,-0.427592,-1.14142,0.06911433,0.7497534,0.1567398,283.895,329.8729,16.12162,
4702.884,-0.006468914,0.02021756,-0.1537505,0.1610848,-0.01155184,-0.01293084,-0.03757012,0.4169229,0.08460151,0.4223601,358.7359,358.5634,0.05518421,-0.8274287,0.3937869,-0.3371896,-0.1970469,0.4461552,-0.1247885,0.7266107,0.1774591,282.8792,351.1028,359.9319,-0.09934203,-0.6921366,0.3111758,0.1190748,-0.1690381,-1.113419,0.06864276,0.7393876,0.1611755,284.003,329.8721,15.21067,
4716.985,-0.007163502,0.02448378,-0.148545,0.2147828,0.001610297,-0.02417814,-0.03770404,0.4172204,0.08271575,0.193884,358.6852,358.6303,0.02487829,-0.8498843,0.392217,-0.3460715,-0.4555552,0.3565831,-0.1246013,0.7139047,0.1826729,283.2929,348.4715,2.960604,-0.06227452,-0.7230716,0.3180938,-0.08949337,0.05361441,-0.7012018,0.06823365,0.7285684,0.164955,284.0795,332.3261,12.81273,
4730.684,-0.007470582,0.02623306,-0.1431695,0.2138885,0.01894294,-0.03028245,-0.03771392,0.4175484,0.08084799,0.07700992,358.63,358.6627,0.02955732,-0.8712884,0.4001842,-0.5223767,-0.4054903,0.6943548,-0.1241147,0.701039,0.1883246,283.85,350.287,2.355959,-0.02615002,-0.7486727,0.3178551,-0.3093863,0.2843955,-0.3370472,0.06835661,0.7174734,0.1683877,284.2016,336.1205,9.259519,
4744.418,-0.006216031,0.02643131,-0.1380095,0.1897175,0.001859808,-0.03325425,-0.03770357,0.4179013,0.07905287,359.9779,358.686,358.6982,0.07453044,-0.8894612,0.4107679,-0.7148819,0.1265059,1.028686,-0.1232911,0.6883955,0.1940657,284.4597,357.1245,356.5693,0.01148137,-0.789111,0.3141226,-0.4724589,0.5236779,-0.2852269,0.06873453,0.7049849,0.1716911,284.5157,340.07,5.046466,
4758.469,-0.003515251,0.02659849,-0.1337169,0.1845018,-0.05022674,-0.04046765,-0.03769742,0.4182963,0.0773353,359.8152,358.8419,358.75,0.09182711,-0.9028146,0.4076676,-0.6779329,0.5252563,0.6836607,-0.1228193,0.6755077,0.199274,284.9513,1.114664,352.2116,-0.004392348,-0.8325222,0.2921852,-0.1500437,0.3306493,-0.8319158,0.06846254,0.6925652,0.1751658,284.7257,336.933,6.648129,
4772.453,-0.001799237,0.0264169,-0.1298046,0.2190332,-0.1007267,-0.04787632,-0.03777476,0.4185879,0.0757773,359.5566,358.9914,358.8117,0.06848755,-0.9134473,0.3876086,-0.4072694,0.5798414,-0.05464946,-0.1224996,0.6618226,0.2038844,284.9771,0.5644256,351.3222,-0.05752125,-0.8686206,0.2607146,0.5011619,-0.1135981,-1.357433,0.0675561,0.6802555,0.1794785,284.7021,328.6727,12.99528,
4786.392,-0.001718871,0.02774459,-0.1254739,0.2161679,-0.09501226,-0.06488371,-0.03783989,0.4190087,0.07415173,359.4237,359.0008,358.9079,0.03449894,-0.9260348,0.3564288,-0.08674678,0.466869,-0.5671853,-0.1226024,0.647808,0.2081709,284.6987,358.5437,351.9481,-0.09239705,-0.8856071,0.2661285,0.5894935,-0.4314262,-1.046932,0.06606806,0.6681799,0.1841119,284.9007,324.2427,17.24143,
4800.326,-0.002555151,0.02907904,-0.1207343,0.204911,-0.04864928,-0.07655752,-0.03783721,0.419436,0.07255264,359.2947,358.9309,358.9838,0.009275459,-0.9454802,0.3318495,0.0009250315,0.2663409,-0.5326474,-0.1232066,0.6311059,0.212511,284.6117,357.3343,352.8034,-0.1073054,-0.8923689,0.3021097,0.1649473,-0.7140881,-0.0678506,0.06444021,0.6562017,0.1886218,285.3081,324.455,18.95979,
4814.179,-0.002689179,0.02999337,-0.1158472,0.2047527,-0.0198921,-0.05582466,-0.03781199,0.4198092,0.07107024,359.1159,358.9211,358.9713,-0.009794451,-0.954386,0.3265466,-0.203335,-0.07465582,-0.09284055,-0.1239314,0.6149045,0.2172274,285.0052,356.5437,354.5352,-0.08250904,-0.8995407,0.3483018,-0.4604386,-0.7648812,1.078497,0.06374504,0.6439243,0.1929145,285.7942,329.4435,17.04916,
4827.673,-0.0008795001,0.03138672,-0.1099185,0.1982072,-0.04384402,-0.01315198,-0.03773758,0.4203101,0.06979328,358.9737,359.036,358.9037,-0.003224686,-0.9609729,0.3395856,-0.5649672,-0.1036709,0.2534832,-0.1242323,0.5998076,0.2217743,285.9785,358.0256,354.0246,-0.03268211,-0.9105738,0.3690928,-0.8194902,-0.5295973,1.702329,0.06364964,0.6312674,0.1966966,286.1458,335.6199,13.2887,
4841.753,0.001335081,0.0335847,-0.1029365,0.2056052,-0.1096923,0.02316171,-0.03776923,0.4208654,0.06868374,358.7786,359.2599,358.8407,0.01769893,-0.9731097,0.3436313,-0.8341756,0.1090863,0.3754945,-0.1239599,0.5858532,0.2255382,287.1053,0.6282436,351.8667,-0.01300341,-0.9256839,0.3621889,-0.8240893,-0.353705,1.372522,0.0634728,0.6184627,0.2005784,286.5625,337.9494,11.56304,
4855.671,0.002374239,0.03656111,-0.09590373,0.2342258,-0.155004,0.03817702,-0.03779677,0.4214701,0.06759083,358.5184,359.4338,358.8168,0.03685897,-0.9782372,0.320978,-0.6970841,0.423963,0.2206038,-0.1236031,0.5717071,0.2288634,287.5209,2.870646,349.2445,-0.01973049,-0.9399653,0.3414608,-0.6838164,-0.190336,0.4384517,0.06343962,0.6063904,0.2044108,287.07,337.0858,11.33551,
4869.6,0.001491988,0.04079936,-0.08766104,0.2644266,-0.1413396,0.02121185,-0.03785633,0.4221364,0.06653756,358.2625,359.47,358.861,0.04661334,-0.9795933,0.2965107,-0.467757,0.6669651,0.01591471,-0.1234143,0.5582407,0.2320518,287.6696,4.796272,346.6185,-0.03241711,-0.9508603,0.3333818,-0.6296375,-0.083206,-0.2745151,0.06303924,0.5945116,0.2085609,287.7935,336.0481,11.03738,
4883.329,-0.0006120186,0.04309966,-0.08063258,0.2876164,-0.09053209,-0.002470457,-0.03786707,0.422668,0.06553337,358.0102,359.4203,358.9136,0.01958726,-0.9796895,0.2731485,-0.2720602,0.508799,-0.2709057,-0.1241745,0.5445389,0.2352935,287.6374,3.977341,346.7003,-0.08505272,-0.9643968,0.3346206,-0.6205057,-0.334358,-1.149049,0.06182548,0.5837263,0.2127749,289.395,332.2566,12.94368,
4897.366,-0.001418974,0.04241731,-0.07558901,0.2826952,-0.05106147,-0.005010327,-0.03780921,0.4230891,0.06459238,357.8116,359.4007,358.9063,-0.01203486,-0.9786936,0.2760411,-0.3678034,0.2132574,-0.3016844,-0.1248999,0.5311508,0.2389843,288.0686,2.438567,348.1915,-0.1137628,-0.9674106,0.3352306,-0.6390054,-0.7474294,-1.083964,0.06097864,0.5715047,0.2167657,290.8062,329.9516,15.24017,
4911.206,-0.0002187826,0.03781136,-0.07151571,0.2510651,-0.05036292,0.01152565,-0.0377652,0.4234008,0.06365047,357.6817,359.479,358.8507,-0.02384207,-0.9751587,0.2892852,-0.6029809,0.1403861,-0.2173957,-0.1254859,0.5182548,0.2426326,288.9552,2.278765,348.4993,-0.09904616,-0.9620193,0.328658,-0.6404657,-1.084017,-0.2200113,0.06084916,0.5588789,0.2202412,291.5006,330.0584,17.03494,
4924.711,0.001475748,0.03195577,-0.06806885,0.2099078,-0.08567479,0.0229581,-0.03775105,0.4236838,0.06286193,357.6004,359.6335,358.8257,-0.03202233,-0.9715281,0.2921413,-0.6994544,0.09322648,-0.3099119,-0.1258956,0.5052087,0.245766,289.7418,1.530499,349.0296,-0.03588197,-0.9455447,0.3108009,-0.5234472,-0.9719391,0.9115395,0.06151482,0.5462043,0.2234982,291.0829,333.0369,16.76048,
4938.701,0.002898136,0.02879286,-0.06281111,0.145774,-0.1196928,0.02444854,-0.03776166,0.424217,0.06216784,357.6051,359.7779,358.8239,-0.03417742,-0.9695026,0.2824943,-0.6677744,0.04057536,-0.3624792,-0.1259309,0.4919961,0.2483999,290.2685,0.6950051,349.6347,0.0468574,-0.9262934,0.2962906,-0.4727088,-0.4098631,1.579727,0.06292229,0.533463,0.2270029,290.3308,338.2966,13.40777,
4952.682,0.003128838,0.02972927,-0.05568574,0.127054,-0.1313342,0.0004755236,-0.03779931,0.4247996,0.06161401,357.4864,359.8779,358.8834,-0.02643024,-0.9700071,0.2821949,-0.8301518,-0.09245314,-0.1263909,-0.1262437,0.4788848,0.2514884,291.1135,0.6956971,350.2,0.10577,-0.9211121,0.3034901,-0.677959,0.2316378,1.331854,0.06450458,0.5203891,0.2310903,290.4247,343.213,8.467977,
4966.566,0.001905742,0.03182676,-0.04922188,0.1588241,-0.1253175,-0.01926631,-0.03783397,0.425232,0.06115276,357.2684,359.9444,358.9372,-0.02277141,-0.9753565,0.3032441,-1.22578,-0.3706833,0.2331745,-0.1265939,0.4661864,0.2550805,292.6276,0.7822656,351.4581,0.1209564,-0.9338971,0.3272609,-1.023752,0.6224109,0.5255989,0.06589035,0.5071535,0.2354199,291.5743,345.5355,4.73921,
4980.648,0.0003921585,0.03122196,-0.04344586,0.1992433,-0.1061553,-0.03059339,-0.03786537,0.4253954,0.06070347,357.0339,359.9768,358.9768,-0.001362711,-0.9738011,0.3194867,-1.469666,-0.392898,0.5728866,-0.1264821,0.4537084,0.2586023,294.1216,2.124742,351.4108,0.1035852,-0.9533473,0.3437276,-1.252162,0.7890291,-0.2585964,0.06659815,0.4937756,0.2394174,293.0612,345.9838,2.548342,
4994.527,-0.0003832756,0.02726532,-0.03864488,0.1721741,-0.08590942,-0.03011568,-0.03786229,0.4256074,0.06027588,357.0064,0.01312524,358.9895,0.01480477,-0.9697453,0.3135986,-1.350001,-0.1589803,0.4525699,-0.1261378,0.4409178,0.2618405,295.0117,2.904664,350.7235,0.06981539,-0.968674,0.352324,-1.394011,0.7723109,-0.8135506,0.06682239,0.4805259,0.2431588,294.6929,345.5577,1.452393,
5008.049,-5.112123E-05,0.02466382,-0.03451593,0.1021569,-0.07492643,-0.0283678,-0.03784779,0.4260916,0.05988124,357.081,0.05395562,359.0052,0.01118547,-0.9655816,0.2926352,-0.9523023,0.119743,-0.03535824,-0.1258943,0.4277166,0.2649871,295.1913,2.306951,350.2734,0.03662235,-0.9709404,0.3540289,-1.419832,0.8007743,-1.234115,0.06694973,0.4678187,0.2469723,296.2431,344.9047,0.5030239,
5022.214,0.0007533161,0.02575222,-0.02877587,0.0668167,-0.06264906,-0.04728079,-0.03783113,0.4266689,0.0597259,357.049,0.06980989,359.1033,-0.002083711,-0.964347,0.2721315,-0.5691932,0.2667432,-0.4697062,-0.1257734,0.4144781,0.2681494,295.1342,1.009887,350.317,0.02067729,-0.9595016,0.3524022,-1.373387,0.9234718,-1.353206,0.06717595,0.4551672,0.2509563,297.4991,345.0179,358.9745,
5036.226,0.001243124,0.03240097,-0.02096172,0.08637908,-0.03472128,-0.07442596,-0.03781766,0.427416,0.05974841,356.8997,0.02558917,359.2067,-0.006836005,-0.9650131,0.2633185,-0.4181453,0.2959836,-0.6071312,-0.1255623,0.4019435,0.2711377,295.3039,0.1359523,350.4308,0.02387118,-0.945888,0.3446341,-1.306482,0.9289138,-1.017051,0.06727715,0.442239,0.2545277,298.3386,346.2803,357.2091,
5050.199,0.001556657,0.03882559,-0.01381537,0.1417058,-0.008557037,-0.08708272,-0.03777856,0.4280309,0.05978674,356.6613,359.9802,359.2852,0.002380311,-0.9703315,0.2797351,-0.7036693,0.2128676,-0.4617502,-0.1251763,0.3897543,0.2744273,296.3362,0.03831738,350.5836,0.03325642,-0.9316688,0.3194247,-1.178279,0.5363729,-0.3195006,0.06736171,0.4293959,0.2571771,298.7185,347.9355,356.5329,
5064.066,0.001630132,0.04088615,-0.007082307,0.2000493,0.0008119787,-0.06368295,-0.03776386,0.4283016,0.05989052,356.4081,359.9769,359.2661,0.02447537,-0.9762331,0.2970761,-1.064745,0.1541406,-0.1100245,-0.1246284,0.3771544,0.2776873,297.7172,1.035136,350.1965,0.04558222,-0.9129549,0.2699822,-0.8824915,-0.09681203,0.5121148,0.06760596,0.4171501,0.2588544,298.4993,349.5991,357.0681,
5078.121,0.001905854,0.03644055,-0.002011169,0.1809733,-0.005034641,-0.02253735,-0.0377554,0.4284607,0.05994919,356.3618,0.007735331,359.2108,0.04953197,-0.9776795,0.2935079,-1.21931,0.2041872,0.2718212,-0.1242122,0.3644849,0.2804701,298.8962,2.82645,349.0945,0.04926553,-0.8901208,0.2166582,-0.5434408,-0.7303988,1.057925,0.06801549,0.4055445,0.2601553,298.1698,350.4609,358.7022,
5091.762,0.001760209,0.02936716,0.0003561549,0.09647071,-0.005328492,-0.00440113,-0.03781575,0.4286464,0.05996704,356.4893,0.006775931,359.2005,0.04950787,-0.9721831,0.2703908,-1.120936,0.2138915,0.3471218,-0.1242298,0.351967,0.2827008,299.6117,3.723772,348.4905,0.05271553,-0.8689061,0.1658689,-0.2152594,-1.089237,1.261164,0.06894541,0.3940074,0.2611648,297.7883,350.6847,0.5247923,
5105.605,0.0003740234,0.02283587,0.001417556,-0.01567119,0.02111205,-0.01147382,-0.03787565,0.428949,0.05996615,356.6902,359.9203,359.2455,0.0120082,-0.9616973,0.2340765,-0.9503326,0.03321465,0.09717124,-0.1251112,0.3391291,0.2843975,300.0442,2.866788,349.3546,0.07323943,-0.8569606,0.1299803,-0.1039401,-0.8881698,1.166355,0.07037953,0.3821117,0.2621804,297.5857,351.4505,0.620181,
5119.707,-0.00119401,0.02031272,0.00252302,-0.05591745,0.0582711,-0.03287598,-0.03794245,0.4293245,0.06007685,356.7585,359.7922,359.3101,-0.03620303,-0.9573949,0.2075757,-0.8217244,-0.2455665,-0.2463157,-0.1261835,0.3263202,0.2860452,300.4777,0.8804541,351.2993,0.09775239,-0.8556921,0.1289018,-0.3986112,-0.2516362,0.6176369,0.07231306,0.3703706,0.263789,298.3027,352.2438,358.9288,
5133.672,-0.002470847,0.02135218,0.004957042,-0.04820584,0.09427853,-0.05548421,-0.03797901,0.4297736,0.06026694,356.7435,359.6508,359.3819,-0.07833236,-0.9538083,0.1826663,-0.7117797,-0.5904139,-0.493826,-0.1268303,0.3134797,0.2875996,300.8942,358.4327,353.9644,0.1217846,-0.8650674,0.1520177,-0.8510331,0.5649474,0.001955191,0.07447372,0.3585908,0.265746,299.8047,353.2418,355.9189,
5147.657,-0.002993739,0.02330529,0.008894891,-0.00531272,0.1076579,-0.05306501,-0.03799753,0.4300998,0.06056091,356.6427,359.557,359.391,-0.07298955,-0.9470032,0.180259,-0.8950332,-0.7983959,-0.3328303,-0.1268947,0.3013574,0.2894954,301.9007,357.7647,355.5281,0.1491106,-0.8878586,0.1955756,-1.350191,1.853576,-0.6875141,0.07651938,0.3462085,0.2681566,302.2343,354.6865,350.7834,
5161.116,-0.002672015,0.0230992,0.01312066,0.04571736,0.09442062,-0.0180053,-0.03805298,0.4302489,0.06092542,356.5185,359.538,359.3204,-0.0478967,-0.9409756,0.1861366,-1.221125,-0.9464142,-0.033228,-0.1269345,0.2894834,0.2911271,303.399,358.1422,356.4523,0.1413414,-0.9008274,0.2112257,-1.384677,2.428143,-1.026449,0.07759205,0.3339814,0.2700336,304.0807,355.1452,347.4173,
5175.231,-0.002037734,0.02125898,0.01572571,0.05716377,0.07056142,0.01112148,-0.03810875,0.430442,0.06116199,356.4932,359.5345,359.2627,-0.02720971,-0.9356711,0.1865308,-1.463774,-1.077163,0.2656453,-0.1273577,0.2775023,0.2925275,304.9562,358.9048,357.1808,0.09866281,-0.9048802,0.1996374,-1.186974,2.231147,-1.217267,0.07757682,0.321669,0.2713162,305.2383,354.2564,346.4892,
5189.259,-0.001723031,0.01854516,0.01619454,0.03344279,0.06378786,0.01354345,-0.03815182,0.430623,0.06132129,356.5369,359.4764,359.2729,-0.02416081,-0.9319182,0.1771973,-1.530147,-1.114864,0.3748778,-0.1281287,0.2653786,0.2936612,306.2932,359.354,357.9091,0.05301946,-0.9019467,0.1625348,-0.9639482,1.260703,-0.92599,0.07710048,0.3092587,0.2719644,305.5473,353.5142,347.7473,
5203.136,-0.001669437,0.01662472,0.01519119,-0.01545567,0.08116647,-0.01260708,-0.03815427,0.4308822,0.06145534,356.6541,359.3551,359.3425,-0.0437822,-0.9220397,0.1506061,-1.349109,-0.9273206,0.1550802,-0.1290658,0.2532223,0.2941478,307.0974,358.8789,358.6078,0.03483884,-0.8964108,0.1207738,-0.7827421,-0.1277354,-0.08529618,0.0770272,0.2967532,0.2722762,305.2665,354.1139,350.1484,
5217.254,-0.001156324,0.01581109,0.01430088,-0.04683561,0.1061345,-0.04473926,-0.0380905,0.4311385,0.0616473,356.7292,359.2148,359.4277,-0.06338939,-0.9100961,0.1178167,-1.029499,-0.666097,-0.1307689,-0.1298259,0.2411376,0.2943574,307.4049,357.9608,359.2161,0.04684973,-0.8919132,0.09225053,-0.5661047,-0.8231043,0.584757,0.07762876,0.2842793,0.2728867,304.8907,355.4764,351.3932,
5230.826,0.0003075581,0.01647794,0.01526956,-0.05045403,0.1088777,-0.05926095,-0.03797005,0.4314067,0.06198907,356.7519,359.1353,359.4821,-0.07713419,-0.897716,0.08302566,-0.6657401,-0.3533924,-0.4053251,-0.1302939,0.2289774,0.2946282,307.3291,356.7935,359.6169,0.07947762,-0.8971812,0.08039214,-0.4881224,-1.157047,1.226064,0.07867962,0.2712431,0.274201,304.6892,357.9256,351.6116,
5244.652,0.002590607,0.01799694,0.0188032,-0.03135359,0.08152013,-0.0412591,-0.03788832,0.4317504,0.06246758,356.7271,359.1422,359.4482,-0.07325672,-0.8865088,0.07620288,-0.6575788,-0.1353332,-0.5428289,-0.1304366,0.2177441,0.2954915,307.8703,355.9704,359.7919,0.1073135,-0.9155151,0.1005021,-0.7827598,-0.9590161,1.464766,0.07928824,0.2584876,0.2756631,305.5713,0.5492007,350.5285,
5258.768,0.005160663,0.0191799,0.02412719,0.02071662,0.03492517,-0.006701812,-0.03779057,0.4320108,0.06303413,356.5905,359.2094,359.3895,-0.07238802,-0.8822367,0.1005846,-1.097057,-0.2719793,-0.6243898,-0.1310586,0.207013,0.2965151,309.5956,355.1947,0.6448712,0.1005111,-0.9383677,0.1407243,-1.298197,-0.380955,1.079618,0.07956646,0.2460296,0.2774972,307.5016,1.648754,349.2662,
5272.602,0.007558707,0.01984394,0.02887307,0.0673722,-0.003548595,0.03218459,-0.03766832,0.4323072,0.06355983,356.4697,359.2835,359.2963,-0.07566292,-0.8789077,0.1204416,-1.584713,-0.7312008,-0.5707669,-0.1321171,0.1965602,0.2969315,311.8657,354.7608,2.140397,0.06028698,-0.959967,0.175951,-1.740202,0.4142478,0.2420452,0.07971973,0.2336784,0.2790836,309.9749,0.8286006,348.2822,
5286.557,0.00879749,0.02000798,0.03169878,0.08294273,-0.03181384,0.03094856,-0.03763217,0.4325438,0.06402831,356.3939,359.3416,359.3277,-0.08120029,-0.864668,0.1174223,-1.744022,-1.340952,-0.4168596,-0.1335028,0.1862158,0.2971233,313.7874,354.6971,4.095452,0.01204025,-0.9706545,0.172033,-1.747847,1.112149,-0.5371392,0.0798067,0.2211097,0.279762,311.9509,359.1222,347.4947,
5300.66,0.009185934,0.01871224,0.03176707,0.0677983,-0.04320061,-0.01562592,-0.03759557,0.4327369,0.06438571,356.4072,359.3672,359.4633,-0.08319208,-0.847881,0.1017905,-1.705675,-1.726917,-0.3076951,-0.1346373,0.1758682,0.2969748,315.3844,354.7425,5.896195,-0.02340713,-0.9675822,0.1363792,-1.450461,1.335558,-0.9262789,0.07962436,0.208473,0.2799249,313.0975,357.5758,347.1747,
5314.382,0.008786385,0.01714027,0.03153607,0.0579062,-0.03349964,-0.05377817,-0.03755139,0.4330058,0.06487748,356.3655,359.3397,359.5615,-0.07710004,-0.8258569,0.0819939,-1.580602,-1.752737,-0.2291879,-0.1352989,0.1660925,0.2967348,316.6681,354.8868,7.040994,-0.03884253,-0.95263,0.09457311,-1.118441,1.070891,-0.9155849,0.07931877,0.1962631,0.2799759,313.6295,356.7127,347.3961,
5328.262,0.008822321,0.01752076,0.03333292,0.054602,-0.01402666,-0.1177559,-0.03739801,0.4333423,0.06551811,356.327,359.2845,359.7856,-0.05962083,-0.7968371,0.06084482,-1.38765,-1.572098,-0.1037565,-0.1356285,0.1565755,0.2962665,317.572,355.2425,7.580756,-0.03158303,-0.9271361,0.07098867,-0.9440374,0.5286575,-0.5841807,0.07917579,0.1846383,0.2806391,313.9424,356.8838,347.8352,
5342.386,0.00922683,0.01949858,0.03686623,0.06844404,0.01351219,-0.1831996,-0.0371885,0.4336528,0.06620568,356.2451,359.187,0.05018935,-0.03680484,-0.7679203,0.04467881,-1.269145,-1.238474,0.102972,-0.1359566,0.1475032,0.2959913,318.3876,355.965,7.3462,-0.005510546,-0.9058262,0.0836833,-1.168347,-0.03191378,-0.1009261,0.07918927,0.1735578,0.2819471,314.9114,358.1546,348.1118,
5356.507,0.009498588,0.02103195,0.0419187,0.08955471,0.03390971,-0.1990073,-0.03703474,0.4338997,0.06692971,356.1422,359.1115,0.1763705,-0.02020229,-0.7306434,0.0342001,-1.122657,-0.7186261,0.2511897,-0.1362071,0.1391409,0.2960446,318.9279,356.5979,6.479916,0.03193998,-0.8953916,0.1203498,-1.704294,-0.3698316,0.4007573,0.07941571,0.1628854,0.2835469,316.8314,0.2355743,347.8379,
5370.502,0.01029512,0.02036867,0.04461624,0.08466251,0.0396515,-0.1611858,-0.03692332,0.4340724,0.06757672,356.106,359.08,0.1908445,-0.02087265,-0.6909545,0.03554913,-1.07099,-0.07819898,0.1829572,-0.136515,0.131414,0.2964312,319.5257,356.5515,5.374507,0.05834034,-0.8865952,0.1458952,-2.17648,-0.3799153,0.6877987,0.07957593,0.1526307,0.2843734,319.2049,2.057986,347.255,
5384.047,0.01095676,0.0166659,0.04657499,0.04607888,0.02126846,-0.1108466,-0.03679946,0.4340966,0.06827249,356.1603,359.1155,0.1901787,-0.03646223,-0.6532705,0.0460353,-1.135304,0.464073,-0.04678031,-0.1369435,0.1242887,0.2968674,320.4138,355.8261,4.47407,0.05263439,-0.8618701,0.1321444,-2.247748,-0.1283639,0.5678216,0.07960007,0.14303,0.2840321,321.1535,2.608886,346.8671,
5398.165,0.01143349,0.01161129,0.04767552,-0.007903203,-0.003116454,-0.04637839,-0.0366631,0.4342456,0.06895865,356.2642,359.1705,0.1189482,-0.05472881,-0.6159905,0.05292636,-1.203104,0.7457854,-0.2568415,-0.137617,0.1177526,0.2970502,321.4311,354.952,3.921197,0.02758535,-0.8174115,0.08708535,-1.964786,0.2497083,0.2380586,0.07964357,0.1340285,0.2831485,322.4019,2.148417,346.5898,
5412.207,0.01129744,0.008499524,0.04885371,-0.02241192,-0.0165155,-0.006411353,-0.03655429,0.4343969,0.06971814,356.2707,359.1974,0.07434943,-0.06906439,-0.5764567,0.04904766,-1.213111,0.7034974,-0.385356,-0.1384121,0.111789,0.2968911,322.4214,354.2574,3.853021,0.004634963,-0.763164,0.03316626,-1.558814,0.5358293,-0.0703542,0.07990404,0.1258415,0.2819195,323.1633,1.306025,346.441,
5426.184,0.01078355,0.006535994,0.05091808,0.001004883,-0.01519619,-0.00552569,-0.03647085,0.4344393,0.0705038,356.2287,359.1977,0.1114234,-0.07476652,-0.5330631,0.03752334,-1.176418,0.3979602,-0.4185348,-0.1393401,0.1065435,0.2964757,323.3562,353.9332,4.230204,0.004517718,-0.6988642,-0.006179357,-1.183177,0.7371923,-0.09472026,0.08051889,0.1187477,0.2811696,323.6501,0.9385239,345.8689,
5439.847,0.01009692,0.005615054,0.05337052,0.02022584,0.004079896,-0.03312805,-0.03629935,0.4344264,0.07126481,356.1671,359.1355,0.2047664,-0.07500332,-0.4770538,0.01763473,-1.043927,-0.1425569,-0.3763799,-0.1404539,0.1021906,0.2956373,324.111,354.0579,5.105588,0.02556936,-0.6357372,-0.01178005,-1.061683,0.8614997,0.1481523,0.08120149,0.1124262,0.2810736,324.4053,1.381277,344.7457,
5453.893,0.009855198,0.004049586,0.05503578,0.02815318,0.02600459,-0.04759795,-0.03612983,0.4343681,0.07206124,356.1376,359.0613,0.255191,-0.06955364,-0.4317359,0.004206,-0.8726253,-0.565563,-0.2888437,-0.1414986,0.09794572,0.295231,324.6693,354.4279,5.961213,0.04616387,-0.58209,0.009126559,-1.219113,0.9130529,0.4100625,0.08165501,0.1070505,0.2813209,325.7532,2.18415,343.5545,
5467.857,0.009989399,0.001451547,0.05555446,0.01336342,0.03493731,-0.05273598,-0.0359599,0.4343032,0.0728173,356.1732,359.0287,0.291407,-0.06464111,-0.3838268,0.001139345,-0.7488082,-0.8095679,-0.2502311,-0.1422753,0.09443995,0.2952114,325.211,354.74,6.78298,0.05021277,-0.5275674,0.03064645,-1.343912,0.9334225,0.5115712,0.08185282,0.1025252,0.281531,327.1905,2.731878,342.6355,
5481.991,0.01058283,-0.00255061,0.05493564,-0.01650652,0.02734202,-0.05095815,-0.03579104,0.434148,0.07356171,356.2496,359.0339,0.3257886,-0.06022649,-0.3353998,0.01286414,-0.7501237,-0.6494414,-0.3025715,-0.1424447,0.09172942,0.2955819,325.8735,354.5338,7.140999,0.03400793,-0.4637332,0.03630958,-1.268141,0.84273,0.386824,0.08166125,0.09879107,0.2815168,328.1923,2.758406,342.3198,
5495.971,0.01138923,-0.00579969,0.05290845,-0.04946052,0.0181026,-0.02757527,-0.03561932,0.434084,0.07420136,356.3484,359.0365,0.2868443,-0.05257954,-0.2939704,0.02693441,-0.7954823,-0.269271,-0.3202235,-0.1423268,0.08948733,0.2959121,326.5452,354.1027,6.959822,0.008331085,-0.3889849,0.02759719,-1.057214,0.5249509,0.1280216,0.08118985,0.09609483,0.2813769,328.6481,2.531548,342.7793,
5509.99,0.0118162,-0.00794833,0.05054908,-0.06854293,0.005708707,-0.004215428,-0.03545558,0.4339818,0.07485251,356.423,359.0548,0.2528954,-0.03843122,-0.2484101,0.03556457,-0.7671042,0.1113444,-0.2444024,-0.1420206,0.08785613,0.2962017,327.005,353.753,6.39835,-0.01048569,-0.3108261,0.01440067,-0.8130497,-0.003451578,-0.1073361,0.08069417,0.09411512,0.2813223,328.6616,2.472941,343.8481,
5523.881,0.01231414,-0.009775491,0.04687875,-0.0825103,-0.003596645,0.0006151706,-0.03526473,0.4338253,0.07535411,356.5065,359.0662,0.260026,-0.02352934,-0.1983622,0.03460304,-0.6330247,0.336099,-0.1454673,-0.1417821,0.08681795,0.2963166,327.1824,353.5382,5.84324,-0.01930654,-0.2384419,0.00591978,-0.6031845,-0.5243409,-0.2659521,0.08023959,0.09283698,0.2813791,328.4851,2.60822,345.1622,
5538.011,0.01270204,-0.01115286,0.04301923,-0.09308251,-0.00496649,-0.0008153631,-0.03508753,0.4336446,0.07580836,356.6007,359.0697,0.2579175,-0.01270334,-0.1472331,0.02780451,-0.4368517,0.3351482,-0.08688966,-0.1416923,0.08625151,0.2963848,327.1552,353.4504,5.621607,-0.02114117,-0.1726278,0.002762567,-0.4146743,-0.8322799,-0.3180644,0.07991362,0.09218821,0.2815285,328.2412,2.817541,346.2648,
5551.636,0.01286868,-0.01217112,0.03901516,-0.09960697,-0.006823809,0.002301477,-0.03488144,0.43345,0.07621548,356.6851,359.0703,0.248687,-0.005985457,-0.1079265,0.02353539,-0.2984963,0.1858073,-0.06511333,-0.1416613,0.08591446,0.2965856,327.1621,353.4901,5.706349,-0.02064899,-0.1222813,0.00293937,-0.2610646,-0.8777285,-0.2988934,0.07965423,0.09178294,0.2817516,328.0227,2.965971,346.9586,
5565.478,0.01318952,-0.01204252,0.03472975,-0.1103278,-0.008903951,0.004204709,-0.03468363,0.4333542,0.07656786,356.7968,359.0873,0.2437215,0.000995113,-0.06349385,0.02259371,-0.1823445,-0.07075348,-0.06509326,-0.1415562,0.08626895,0.2968763,327.1779,353.678,6.097305,-0.01532668,-0.06598885,0.006104158,-0.1128881,-0.7420813,-0.1901235,0.07970556,0.0922249,0.2821913,327.7714,3.137656,347.1326,
5579.736,0.01334031,-0.01115624,0.03097348,-0.1056748,-0.01143366,0.01874877,-0.03451645,0.4332722,0.07689791,356.8555,359.1049,0.1859443,0.006920991,-0.03192059,0.02467268,-0.1230247,-0.2300489,-0.05944987,-0.1413711,0.0866835,0.2972412,327.247,353.8627,6.43042,-0.009081946,-0.02706455,0.01276098,-0.06988394,-0.4726599,-0.06793104,0.07971915,0.09290846,0.2826005,327.7588,3.266984,346.9192,
5593.658,0.0126452,-0.009163158,0.0271067,-0.0822762,-0.02223472,0.04487849,-0.03439271,0.4332484,0.07718996,356.8609,359.1506,0.1034885,0.01115797,-0.008749946,0.02621544,-0.0767319,-0.2489713,-0.038608,-0.141116,0.08720193,0.297608,327.2614,353.9851,6.579944,-0.001561438,0.002517454,0.02215387,-0.07991355,-0.09260255,0.05443035,0.08015497,0.09361443,0.2829331,327.9178,3.184884,346.3027,
5607.419,0.0119704,-0.007312955,0.02362988,-0.05175931,-0.03257392,0.05615413,-0.03426521,0.4332245,0.0774454,356.8526,359.2004,0.0598276,0.01537958,0.01334643,0.02927663,-0.02097589,-0.1686473,-0.001803112,-0.140741,0.08785629,0.2980868,327.1573,354.0341,6.514757,0.009969881,0.02254063,0.03237155,-0.1019697,0.2417257,0.1897472,0.08067504,0.09472405,0.2839387,328.2456,3.300205,345.4672,
5621.537,0.01124483,-0.005805989,0.02004741,-0.02709921,-0.04107879,0.05505236,-0.03413159,0.4331466,0.07760399,356.8348,359.2467,0.03255136,0.01997161,0.03326203,0.03528638,0.005693688,0.004019684,0.06078644,-0.1402943,0.08871622,0.2986244,327.0445,354.0471,6.205173,0.02312704,0.0368827,0.04145287,-0.1069609,0.3939579,0.3169486,0.08117688,0.09558743,0.2846963,328.4804,3.515002,344.6487,
5635.13,0.0103342,-0.004508822,0.01591172,-0.0138899,-0.0451266,0.04641579,-0.03398028,0.4330478,0.07785162,356.834,359.2848,0.01327745,0.02299521,0.04738907,0.04064765,0.02434337,0.1195503,0.1166402,-0.1398852,0.08984416,0.2995077,326.922,354.122,5.820378,0.02961054,0.04157107,0.04670377,-0.1234032,0.3776163,0.3560534,0.08145352,0.09620976,0.2853296,328.6736,3.765363,344.1449,
5649.134,0.009295424,-0.00299001,0.01182914,-0.001414783,-0.0467712,0.02994465,-0.03388169,0.4330477,0.07789616,356.8165,359.3222,0.02621803,0.01951298,0.05840534,0.04452706,0.0629497,0.1884345,0.1337547,-0.1398464,0.0908258,0.3002505,326.7509,354.1378,5.531139,0.02893608,0.04091088,0.05068669,-0.1336455,0.2827105,0.3185282,0.08156304,0.09677818,0.2860628,328.8118,3.953339,343.9415,
5662.975,0.008274122,-0.001448181,0.00776304,0.009972879,-0.04630491,0.01318262,-0.03379428,0.4330892,0.07788628,356.7848,359.3527,0.05379414,0.008244966,0.06960519,0.04513649,0.1277088,0.2291648,0.08344125,-0.1400071,0.09199716,0.3009211,326.5064,353.9836,5.42837,0.02205544,0.03842327,0.05289748,-0.1365276,0.1176039,0.2186343,0.08155992,0.09733524,0.2868604,328.871,4.072063,344.0753,
5677.127,0.007413109,-0.0002682416,0.00368013,0.02435947,-0.04124521,-0.0007828891,-0.03371435,0.4331385,0.07781811,356.747,359.3704,0.06770451,-0.009677426,0.08275625,0.0441929,0.1838952,0.2096739,-0.05382776,-0.1403869,0.09349708,0.301558,326.2843,353.5886,5.671578,0.01337228,0.03408211,0.05453214,-0.1568574,0.01855917,0.09886585,0.08151958,0.097842,0.2876273,328.9903,4.04373,344.325,
5691.141,0.006459046,0.001306361,0.0003731177,0.04273741,-0.03653088,-0.008108433,-0.03362374,0.4332421,0.07771656,356.6788,359.3918,0.08632763,-0.02379976,0.09894793,0.04539448,0.2281041,0.04474349,-0.1638879,-0.1408245,0.09525511,0.3022824,326.109,353.3158,6.218979,0.003048519,0.03162155,0.05400769,-0.1631547,-0.04789052,-0.04376584,0.08154371,0.09855177,0.2883209,329.0942,3.840829,344.7409,
5704.993,0.005360692,0.003558171,-0.002741485,0.07042437,-0.02998732,-0.008838209,-0.03355315,0.4333959,0.07757765,356.5684,359.4026,0.09426576,-0.02960632,0.1140781,0.05146242,0.2148119,-0.1865916,-0.202123,-0.1413147,0.09725,0.3031178,326.0758,353.3091,6.847892,-0.001860813,0.03745345,0.04878239,-0.08948733,0.03178727,-0.09058456,0.08178012,0.09944393,0.288815,329.0885,3.581304,344.8053,
5719.083,0.004219042,0.005495064,-0.006090896,0.08929285,-0.0206178,-0.002766178,-0.03353837,0.4335552,0.07736543,356.4703,359.4034,0.07858489,-0.03062475,0.1308676,0.06036483,0.1606928,-0.3564942,-0.1916674,-0.1417429,0.0996933,0.3040254,326.1573,353.4322,7.374477,0.00247578,0.04899657,0.04546762,-0.0006663589,0.2523356,0.01755951,0.0822038,0.1005743,0.2895087,329.0891,3.451033,344.2721,
5732.68,0.00318409,0.006160352,-0.009598529,0.09095766,-0.0182546,0.008827089,-0.03355294,0.4336782,0.07709479,356.4137,359.4188,0.04787815,-0.0298038,0.152159,0.07024404,0.1102817,-0.4154071,-0.1368992,-0.1422715,0.1025867,0.3051199,326.2303,353.6293,7.671121,0.006921344,0.06393706,0.04633114,0.05835526,0.4038785,0.1162712,0.08247453,0.1021022,0.2903192,329.1058,3.387903,343.6556,
5746.642,0.002666098,0.005674616,-0.01333291,0.07787373,-0.01739797,0.01681,-0.03354937,0.4337631,0.07677948,356.3828,359.4415,0.03367227,-0.03672015,0.1766905,0.08146825,0.05023482,-0.3609026,-0.1300595,-0.1430712,0.1059822,0.3064126,326.3429,353.6326,7.866676,0.005106651,0.09137818,0.04883014,0.1131352,0.4612263,0.1257797,0.08254465,0.1043492,0.291229,329.0568,3.229773,343.2306,
5760.609,0.001906442,0.004329346,-0.01676188,0.05656299,-0.02067198,0.0175104,-0.03354524,0.4338202,0.07644977,356.3821,359.4604,0.02554579,-0.05030844,0.2100063,0.08832128,0.09908281,-0.267474,-0.1716137,-0.1439973,0.1099958,0.3076611,326.2266,353.4163,8.142684,-0.002151551,0.1234597,0.05377221,0.1136757,0.4243875,0.0444117,0.08251403,0.107322,0.2921731,329.0529,2.965387,343.1581,
5774.648,0.001415822,0.002727625,-0.0194052,0.03740656,-0.01662642,0.0162972,-0.0335397,0.4338463,0.0761042,356.3855,359.4695,0.01611351,-0.0604494,0.2571013,0.08793579,0.2730169,-0.1376623,-0.1718075,-0.1447795,0.1147748,0.3089372,325.7159,353.1578,8.344198,-0.008037246,0.1675147,0.05485523,0.2084878,0.4051378,-0.04857817,0.08282799,0.1110295,0.2931326,328.8349,2.541462,343.1541,
5788.491,0.0006678198,0.001726034,-0.02137088,0.0267612,-0.01565863,0.01580236,-0.0335685,0.4338311,0.07565415,356.3678,359.4776,0.006651248,-0.05919062,0.3119319,0.08510722,0.4537959,0.01090019,-0.06696994,-0.1454365,0.1203659,0.310291,324.9771,353.127,8.215979,-0.003631712,0.2201587,0.0536289,0.356261,0.3392734,-0.07612447,0.08334534,0.1154213,0.2942056,328.3741,2.22907,343.1181,
5802.577,8.499436E-05,0.000453757,-0.0231721,0.03417018,-0.01333925,0.01684316,-0.03358197,0.4337811,0.07527411,356.3166,359.4917,359.989,-0.05537034,0.3677519,0.08277845,0.57948,0.1548771,0.04035368,-0.1461511,0.1267017,0.3116826,324.2029,353.1659,7.909917,0.00646404,0.2771822,0.05618965,0.4634841,0.236544,-0.06914817,0.08393481,0.1206585,0.2954969,327.8477,2.055248,343.0981,
5816.678,-0.0003638314,-0.001456773,-0.02580014,0.02661053,-0.02044787,0.02072339,-0.03357178,0.4336851,0.07479211,356.3236,359.5218,359.9691,-0.05132855,0.4238321,0.08137003,0.6812128,0.2135081,0.1486743,-0.1469803,0.1337624,0.3131273,323.4054,353.3621,7.585227,0.01443242,0.3401421,0.06127374,0.5320929,0.05255377,-0.0938646,0.08446297,0.1269965,0.2968864,327.2664,1.940826,343.3342,
5830.162,-0.0002589049,-0.004338575,-0.02885717,0.004373892,-0.0305604,0.01804443,-0.03358781,0.433475,0.07427469,356.3595,359.5634,359.957,-0.04957227,0.4869131,0.08307561,0.7831962,0.2080539,0.2499326,-0.1480149,0.1417811,0.3148784,322.5443,353.7016,7.283092,0.02411589,0.4098938,0.06268698,0.599051,-0.2466626,-0.1170848,0.0851252,0.1342977,0.2981815,326.5266,1.989172,343.8748,
5844.019,-0.0001330972,-0.008390812,-0.03226679,-0.03268334,-0.03680552,0.01220564,-0.03361315,0.433265,0.07371183,356.4659,359.5997,359.9641,-0.05260754,0.5398413,0.08907006,0.8232666,0.2072559,0.2683431,-0.1490178,0.1502847,0.3167351,321.78,353.8974,7.083279,0.03707644,0.4816004,0.05998813,0.687012,-0.5626277,-0.0951523,0.08592225,0.1424089,0.2994063,325.6173,2.236343,344.5162,
5858.193,-0.0005740626,-0.01143187,-0.03530921,-0.06754646,-0.04115283,0.004090482,-0.03366366,0.4330608,0.07312398,356.5774,359.6363,359.9794,-0.05855192,0.5903664,0.09620682,0.828418,0.2325749,0.2444932,-0.1501192,0.1593972,0.3186246,321.0686,353.9703,6.910057,0.05684147,0.553165,0.05537919,0.8116763,-0.7768323,0.01913587,0.08718832,0.1514031,0.3007357,324.5343,2.698433,344.9253,
5872.147,-0.001367694,-0.01380126,-0.03782643,-0.08546607,-0.04191472,-0.001751412,-0.0337308,0.4328974,0.07256901,356.6661,359.6675,359.9906,-0.06656265,0.6395698,0.1021149,0.8279165,0.3008936,0.2074671,-0.1513237,0.1691737,0.3205902,320.3538,353.942,6.685513,0.0836563,0.6198809,0.05456004,0.8986632,-0.7968931,0.2425847,0.08865185,0.1610818,0.3023252,323.4935,3.457623,344.7403,
5885.994,-0.002065807,-0.01449662,-0.03941451,-0.09079649,-0.0430002,-0.001740901,-0.03375977,0.4327313,0.07202165,356.7288,359.7071,359.9886,-0.07645234,0.6875958,0.106592,0.8165105,0.4351689,0.1450283,-0.1525352,0.1796676,0.3225585,319.6444,353.7421,6.366805,0.1040889,0.6787283,0.06091055,0.8997368,-0.7366548,0.4269867,0.08984815,0.1714537,0.3040641,322.638,4.30922,344.3221,
5899.716,-0.002767268,-0.01502678,-0.04032379,-0.07595123,-0.04690383,0.00134194,-0.03378952,0.4324654,0.07143831,356.7497,359.7505,359.9892,-0.08504416,0.7297358,0.1066975,0.8225195,0.5756727,0.0629328,-0.1536918,0.190577,0.3243341,318.8985,353.3776,6.037079,0.1001919,0.7355386,0.06957779,0.8394172,-0.7268993,0.3910748,0.09064617,0.182772,0.3058265,321.9424,4.726599,344.3898,
5913.588,-0.002986498,-0.0165821,-0.04248716,-0.08862808,-0.04736407,-0.002232958,-0.03383298,0.4321232,0.07073128,356.8666,359.7854,0.000878082,-0.09152146,0.7801285,0.09675247,0.8740377,0.6430044,-0.01072349,-0.1548614,0.2024712,0.3256054,318.0498,352.9477,5.830221,0.08110896,0.7885523,0.07250693,0.7483262,-0.8933265,0.2679251,0.09066869,0.1947329,0.3072369,321.2896,5.010608,345.0629,
5927.384,-0.003350422,-0.01932425,-0.04655401,-0.1447652,-0.04355279,-0.01391242,-0.03394094,0.4318077,0.06988117,357.1136,359.8093,0.03833455,-0.09581948,0.8359728,0.07312143,0.9996111,0.4561459,-0.01860673,-0.1563144,0.2150714,0.3263986,317.053,352.7489,6.087846,0.04243495,0.837545,0.07028402,0.6935159,-1.117213,-0.03181681,0.09043423,0.2070692,0.3085082,320.5883,4.652286,346.5483,
5941.437,-0.004178962,-0.02212721,-0.05019561,-0.1943336,-0.03619885,-0.03328456,-0.0340222,0.4315432,0.06902094,357.3442,359.8063,0.1004154,-0.09295263,0.8724141,0.05261825,1.1017,0.2333445,0.06754287,-0.1576245,0.2273904,0.3272281,316.0192,352.9027,6.357974,0.01214704,0.8729937,0.06038959,0.7017194,-1.332861,-0.2480639,0.09032353,0.2195137,0.3094816,319.7844,4.202933,348.2585,
5955.379,-0.005361255,-0.02210188,-0.05351489,-0.2038191,-0.02405955,-0.04014701,-0.03413001,0.4313735,0.0682447,357.4847,359.8045,0.1364892,-0.08378521,0.9086181,0.031889,1.186773,0.04108031,0.2067045,-0.1587537,0.2403604,0.3279534,314.9378,353.365,6.532469,-0.004402434,0.9119675,0.04215753,0.787017,-1.565167,-0.3187816,0.09037539,0.232644,0.3101918,318.7643,3.961165,350.0056,
5968.919,-0.006645881,-0.01979056,-0.0545098,-0.1647906,-0.01706029,-0.02701622,-0.03424758,0.431269,0.06751268,357.5151,359.8062,0.1129024,-0.07516675,0.9362101,0.0229287,1.1816,-0.01980417,0.2831143,-0.1598126,0.2534927,0.3289106,313.9961,353.773,6.532564,0.001846627,0.953653,0.02295033,0.8810576,-1.678984,-0.1809211,0.09077685,0.2464607,0.310751,317.6809,4.281335,351.1819,
5982.775,-0.007750176,-0.01506809,-0.05501431,-0.1087091,-0.01321948,-0.0131459,-0.0344041,0.4312146,0.06678215,357.4989,359.8199,0.09926774,-0.06994688,0.9544592,0.03233245,1.008781,0.04962588,0.2727735,-0.1606909,0.2669498,0.3301837,313.4606,353.9976,6.290599,0.02123106,0.9938765,0.007222591,0.9202702,-1.599307,0.07325542,0.09131691,0.2608175,0.3111506,316.7202,5.091282,351.5908,
5996.833,-0.008830765,-0.0110643,-0.05498268,-0.08112474,-0.008424225,-0.009773567,-0.03457253,0.43115,0.06603284,357.5428,359.8126,0.1110794,-0.0674562,0.9715272,0.04176565,0.8051044,0.1419842,0.1887633,-0.1615516,0.2809343,0.3308053,313.161,353.9682,6.065799,0.04176256,1.028899,-0.001943094,0.8953711,-1.163531,0.2938914,0.09215221,0.2755202,0.3114885,316.0407,5.993164,350.9526,
6010.775,-0.01024596,-0.009584328,-0.05480402,-0.07395697,0.003109783,-0.001037488,-0.03477257,0.4309513,0.06528282,357.6088,359.7892,0.0929826,-0.07320454,1.000302,0.01347531,0.961917,0.1278956,0.075154,-0.1627,0.2951291,0.3299991,312.1558,353.5885,6.406015,0.06415381,1.061427,-0.007079493,0.8502614,-0.6369351,0.4221463,0.09359277,0.2908302,0.3117817,315.5511,6.765595,349.8209,
6024.69,-0.01165304,-0.01141914,-0.05399001,-0.08704429,0.01138069,0.009713702,-0.03496429,0.4306598,0.06454515,357.7199,359.7701,0.06152742,-0.07548897,1.040342,-0.05633066,1.501729,-0.06608343,0.1077141,-0.1637664,0.3093531,0.328316,310.0948,353.3534,7.335995,0.08655925,1.083996,-0.009669639,0.7889686,-0.04903307,0.5265235,0.09461346,0.305945,0.3118604,315.3,7.617217,348.0715,
6038.366,-0.01238754,-0.01481751,-0.05293422,-0.1064273,0.01610001,0.01743055,-0.03514618,0.4303091,0.06388819,357.8464,359.7533,0.03449137,-0.06062545,1.065565,-0.1012468,1.750721,-0.1780224,0.2984146,-0.1644362,0.3238688,0.3273787,308.2845,353.8623,7.683077,0.07546528,1.099615,-0.01482785,0.7927661,0.4281045,0.3729674,0.09495482,0.3212704,0.3118577,314.9736,7.639865,346.6893,
6052.328,-0.01280225,-0.0177641,-0.05036273,-0.1354052,0.0134218,0.02774833,-0.03534231,0.4300786,0.06333604,358.0047,359.7643,-0.005224255,-0.04424322,1.079636,-0.111792,1.567745,-0.09742972,0.3660824,-0.1648596,0.3389538,0.3265916,307.3135,354.4204,7.427607,0.05175634,1.120499,-0.03247472,0.8328363,0.3785563,0.2661416,0.09480911,0.3368841,0.311466,314.3281,7.726639,346.2,
6066.265,-0.01248829,-0.01811818,-0.04601124,-0.1386033,0.01233923,0.02771574,-0.0354905,0.4299551,0.06286405,358.0992,359.7499,359.9738,-0.03422447,1.09034,-0.1114492,1.285489,0.1000017,0.2754815,-0.1651671,0.3541338,0.325445,306.7163,354.613,6.947955,0.03387415,1.133711,-0.04800576,0.7257565,-0.03704462,0.3273516,0.0944739,0.3526001,0.3108517,313.7803,8.306335,346.4518,
6080.32,-0.01182511,-0.01648036,-0.04054288,-0.1170178,0.01588069,0.01505786,-0.03560752,0.4298524,0.06250182,358.1434,359.7195,359.9908,-0.02697324,1.099557,-0.1192035,1.117341,0.287467,0.1712871,-0.1653557,0.3691876,0.3238868,306.0557,354.6817,6.402165,0.02851888,1.146023,-0.06555229,0.6070309,-0.5871153,0.5567391,0.0941147,0.3684263,0.3099545,313.2506,9.554955,346.9532,
6094.301,-0.01138282,-0.01487469,-0.03354644,-0.07961059,0.02216255,0.009091512,-0.03573617,0.4295685,0.06231624,358.1309,359.6906,359.99,-0.01390095,1.109932,-0.1324181,1.095829,0.3779468,0.1626696,-0.1652493,0.3845264,0.3224215,305.1647,354.9837,5.836671,0.03311927,1.154507,-0.08461542,0.5257383,-1.032687,0.8410667,0.09397201,0.3843301,0.3087148,312.7688,11.25968,347.3491,
6108.295,-0.01135906,-0.01554086,-0.02696379,-0.07369993,0.01385292,0.02916232,-0.0358704,0.4292445,0.06214447,358.1997,359.7093,359.9156,0.007157762,1.125198,-0.1389964,1.055098,0.4994411,0.1636207,-0.1646486,0.4003479,0.3210092,304.3179,355.4548,4.990445,0.03708378,1.155663,-0.1020529,0.49229,-1.264227,0.9681951,0.09399854,0.399802,0.3073551,312.2903,12.70144,347.7317,
6121.816,-0.01061565,-0.01821992,-0.02107086,-0.09991615,-0.01031775,0.05699272,-0.03599948,0.4289185,0.06198932,358.356,359.7804,359.8186,0.02763925,1.140256,-0.1421523,0.9305847,0.659206,0.1339793,-0.1641454,0.4164008,0.3191462,303.7144,356.0061,3.823619,0.02597528,1.150393,-0.1141233,0.3787277,-1.235542,0.7393232,0.09397561,0.4155661,0.3054366,312.0182,12.92561,348.5059,
6135.919,-0.009238154,-0.02109544,-0.01541923,-0.1300288,-0.03651272,0.0697709,-0.03612162,0.4285495,0.06192558,358.5091,359.8598,359.76,0.026593,1.147576,-0.1527039,0.8055884,0.6587668,0.06873105,-0.1643612,0.4321727,0.3166849,303.2606,356.2173,3.141845,-8.672476E-05,1.161844,-0.1428024,0.4717824,-0.9658393,0.1615046,0.09435599,0.4319755,0.302752,311.2854,11.68851,349.4803,
6149.988,-0.008424845,-0.02265972,-0.01003619,-0.149023,-0.05095151,0.06161206,-0.03623697,0.4282383,0.06195144,358.6532,359.9124,359.7414,0.004046775,1.149443,-0.1786582,0.7834737,0.3992262,0.05479369,-0.1653373,0.447734,0.3135815,302.6909,356.0883,3.415622,-0.006041408,1.177081,-0.1921099,0.7441478,-0.6357952,-0.2013789,0.09503011,0.4480921,0.2991458,310.1483,10.70806,349.7902,
6163.828,-0.008105245,-0.02392964,-0.004319477,-0.1548779,-0.04889978,0.03884601,-0.03634456,0.427855,0.06205833,358.7712,359.9328,359.7598,-0.02109476,1.149115,-0.2088139,0.8362107,0.07016411,0.09861293,-0.1662617,0.4631081,0.3102883,301.9783,355.8406,4.253767,0.01288319,1.179465,-0.2543495,1.219155,-0.06659029,-0.2908766,0.09608185,0.463077,0.2954159,308.6224,10.7885,348.2869,
6177.895,-0.008428263,-0.0256968,0.001609911,-0.1610024,-0.04619301,0.02679645,-0.03644389,0.4274491,0.06224212,358.9185,359.9666,359.7505,-0.03570337,1.149445,-0.2423774,0.8976158,-0.2438885,0.2127587,-0.1666837,0.4787695,0.3067325,301.2203,355.7178,5.332176,0.02569059,1.165726,-0.2879155,1.44602,0.2107088,-0.3284409,0.0966794,0.4778761,0.2919806,307.2915,10.96147,347.0352,
6191.915,-0.008472249,-0.02716423,0.006793814,-0.1686501,-0.05544637,0.03253199,-0.03654528,0.4270611,0.06249116,359.058,0.03819555,359.6947,-0.0208775,1.145519,-0.2576472,0.7980617,-0.1526661,0.2434038,-0.1662233,0.4942748,0.3031752,300.748,356.1054,5.141648,0.02305464,1.148351,-0.2895987,1.254246,0.235234,-0.3420272,0.0967639,0.4934081,0.2887447,306.6776,10.7919,346.6736,
6205.372,-0.008082657,-0.02759615,0.01287862,-0.1656733,-0.07558668,0.03888037,-0.03663296,0.4267541,0.06285627,359.1801,0.1368642,359.6631,0.004586488,1.135432,-0.264465,0.6436329,0.1410342,0.2028551,-0.1655077,0.5092643,0.2994869,300.4471,356.8181,4.007693,0.007422775,1.137362,-0.2759773,0.9663816,0.06801042,-0.3233403,0.09645756,0.5089031,0.2857813,306.3065,10.41659,347.0454,
6219.49,-0.00717045,-0.02648258,0.01957288,-0.152691,-0.08362143,0.02545906,-0.03670013,0.4264502,0.06332663,359.2708,0.2000199,359.6835,0.03876009,1.110783,-0.2725146,0.4056221,0.6230633,0.1348597,-0.1649096,0.5243329,0.295098,300.4789,358.1092,1.653675,-0.002931118,1.126303,-0.261479,0.6875405,-0.2461177,-0.1230232,0.09613857,0.5241465,0.2827048,306.064,10.50197,347.7039,
6233.465,-0.006493029,-0.02543129,0.02480033,-0.1383741,-0.07480121,-0.0003327594,-0.03680003,0.4261037,0.06384407,359.3503,0.2359073,359.7348,0.02749927,1.098943,-0.2939956,0.463752,0.685918,-0.08586891,-0.1652434,0.5390064,0.2906873,300.0115,357.9578,0.9901603,-0.003833532,1.117772,-0.2584428,0.6007981,-0.5316018,0.1482908,0.09581834,0.5389137,0.2794031,305.5804,11.13154,348.1751,
6246.98,-0.006063842,-0.02488609,0.03001837,-0.1271045,-0.05319386,-0.03412915,-0.03685012,0.4257875,0.06434472,359.4451,0.2253653,359.821,-0.005320363,1.090335,-0.3334363,0.7325288,0.5076771,-0.4008812,-0.1656428,0.5531296,0.2857254,298.9856,356.3777,1.859281,0.003850371,1.10266,-0.2571748,0.5423456,-0.6818987,0.4155308,0.09571741,0.5533031,0.2760241,305.1669,12.17755,348.3051,
6260.956,-0.006597911,-0.02412988,0.0337372,-0.1216901,-0.04362789,-0.03965729,-0.03694656,0.4255072,0.06486787,359.5356,0.2526582,359.8468,-0.01931402,1.075362,-0.3663569,0.9060563,0.4125985,-0.5371822,-0.1655172,0.5668444,0.2807292,297.9882,355.1214,2.488062,0.00721284,1.077433,-0.2503128,0.3688741,-0.549544,0.3357628,0.0959668,0.5673933,0.2724964,305.1311,12.31875,348.4578,
6274.996,-0.007046129,-0.02302358,0.03752665,-0.09646243,-0.05180801,-0.01880183,-0.03707641,0.4252638,0.0655047,359.5535,0.3300325,359.8046,-0.008467443,1.052717,-0.3813967,0.85992,0.461839,-0.508747,-0.1650017,0.5805665,0.275685,297.3806,354.869,2.126247,0.0008078068,1.058879,-0.2503777,0.2743995,-0.2745897,5.714037E-05,0.09622677,0.5814501,0.2687443,305.0612,11.54133,348.6482,
6289.066,-0.006893395,-0.02135639,0.04111746,-0.06589589,-0.07184696,0.003284455,-0.03717701,0.424998,0.06617437,359.5502,0.4232247,359.7654,0.01166072,1.02807,-0.3822461,0.6207954,0.4713809,-0.3292723,-0.1644959,0.5941622,0.2704503,297.2833,355.4323,1.311492,-0.006189562,1.043965,-0.2657266,0.3057059,0.1454779,-0.4479023,0.09686013,0.5953584,0.2645373,304.8726,10.20565,348.4662,
6302.906,-0.006977892,-0.02003566,0.04372113,-0.06055311,-0.07617026,0.003334843,-0.03730384,0.4246899,0.06685276,359.6077,0.478791,359.7811,0.03081045,1.004651,-0.3839963,0.4013859,0.3422484,0.03873444,-0.1643408,0.6073853,0.2651695,297.305,356.7562,0.4879586,0.005478777,1.027472,-0.290353,0.406698,0.5584261,-0.5972895,0.09775695,0.6089224,0.2604055,304.6701,9.749806,347.3725,
6317.047,-0.008219642,-0.01957552,0.04656323,-0.07222323,-0.06328663,0.00614734,-0.03744996,0.4244252,0.06752606,359.7054,0.4910515,359.7678,0.03474822,0.9798973,-0.3868742,0.2314462,0.1025784,0.367451,-0.1647172,0.620301,0.2599149,297.4062,357.9806,0.2043678,0.02552137,1.014728,-0.3081791,0.5236794,0.6389272,-0.4145917,0.09845907,0.622213,0.2563419,304.2854,10.30276,346.1558,
6330.63,-0.01028961,-0.02036667,0.04918823,-0.07856975,-0.04929459,0.01764102,-0.03763351,0.4241016,0.06827515,359.7728,0.5066457,359.7371,0.01506929,0.95815,-0.3947027,0.1839654,-0.1538597,0.3396545,-0.1651197,0.6328742,0.254439,297.3775,357.6818,1.100139,0.05546431,0.9987668,-0.3248333,0.6104381,0.5210496,0.05349042,0.09918264,0.635312,0.2521083,303.8527,12.14306,344.6034,
6344.504,-0.01126627,-0.02063555,0.05121,-0.08917738,-0.04284753,0.01967703,-0.03780201,0.4238852,0.06903321,359.8647,0.5359754,359.7186,-0.003406152,0.9362838,-0.408233,0.2484878,-0.2336047,0.08144954,-0.1649051,0.6448808,0.2486782,297.1123,356.4678,2.241459,0.0778851,0.9795561,-0.3383087,0.6615087,0.2951242,0.5536863,0.09955449,0.6480547,0.2477452,303.4257,14.57303,343.1159,
6358.694,-0.01188613,-0.01919649,0.05447503,-0.07532701,-0.04288473,0.02077235,-0.03796755,0.4237632,0.06985973,359.8839,0.5719954,359.7089,-0.001502529,0.9150255,-0.4254373,0.3839229,-0.09087295,-0.1414276,-0.1643728,0.6567272,0.24282,296.5882,355.6212,2.557873,0.08321989,0.9574317,-0.3476092,0.6468527,0.03945605,0.9106197,0.0997348,0.6606236,0.2435073,303.0947,16.85523,342.0481,
6372.775,-0.01239261,-0.01637276,0.05766218,-0.03699013,-0.04192774,0.01965771,-0.03816114,0.423655,0.07072023,359.84,0.6065733,359.694,0.01100479,0.8957608,-0.440681,0.555314,0.1193864,-0.2760993,-0.1636868,0.6684226,0.2371072,295.8393,355.2252,2.247555,0.07324841,0.9346278,-0.3535469,0.5926975,-0.2082624,1.068587,0.0997071,0.6730908,0.239178,302.786,18.57151,341.5707,
6386.799,-0.01314617,-0.01400239,0.06078893,0.005574971,-0.0452687,0.02600269,-0.03835607,0.4233887,0.0716923,359.7531,0.6476759,359.6566,0.02426653,0.8777112,-0.4403764,0.5975008,0.252978,-0.3229966,-0.1630706,0.679944,0.2318444,295.274,355.0931,1.78902,0.05323604,0.9138551,-0.3561952,0.5326529,-0.3827698,0.9982823,0.09966404,0.6853709,0.2348994,302.4316,19.47294,341.5925,
6400.784,-0.01362165,-0.01373563,0.06344595,0.01195132,-0.04746758,0.02807431,-0.0385561,0.4230723,0.07265213,359.7716,0.6867743,359.6328,0.03148784,0.8574775,-0.4199458,0.4329185,0.2669191,-0.3306608,-0.1625108,0.6912974,0.2269493,295.2296,354.9274,1.565465,0.03436238,0.8923379,-0.3580956,0.4885777,-0.4462658,0.8480081,0.09957311,0.6968963,0.2303149,302.0643,20.02179,341.6565,
6414.789,-0.01414569,-0.0153874,0.0653729,-0.02528526,-0.04195642,0.02282059,-0.03875342,0.4227392,0.07360034,359.8817,0.701104,359.6314,0.03376734,0.831588,-0.3883044,0.1686465,0.21461,-0.3411708,-0.1618733,0.7023655,0.2222174,295.5933,354.6003,1.619498,0.02417922,0.8639603,-0.3519787,0.3554833,-0.4094814,0.7145044,0.09953465,0.7078845,0.2258667,301.9976,20.41215,341.7003,
6428.777,-0.01523375,-0.0176369,0.06717269,-0.06777479,-0.03101453,0.02403737,-0.03903927,0.4225238,0.07451025,0.01066962,0.7046281,359.6038,0.03323756,0.8160676,-0.3759003,0.1104868,0.1866359,-0.4136392,-0.161289,0.7136806,0.2172935,295.6678,353.9572,1.841232,0.01569903,0.8329278,-0.3389632,0.1416358,-0.3449714,0.5692646,0.09951836,0.7187763,0.2214266,302.2101,20.41101,342.0019,
6442.35,-0.01665845,-0.01776763,0.06947453,-0.09003562,-0.02445328,0.02949418,-0.03931066,0.4224456,0.07551223,0.1014518,0.7120684,359.5729,0.02906432,0.802743,-0.3757793,0.1688103,0.2151862,-0.5973808,-0.160602,0.7246108,0.2122916,295.5323,352.7679,2.248113,0.006544322,0.7970812,-0.3224583,-0.1589392,-0.1276376,0.3251562,0.0992102,0.7290701,0.2165107,302.8497,19.85605,342.3495,
6456.547,-0.01753284,-0.01603073,0.0724346,-0.06655946,-0.0192622,0.0261281,-0.03959915,0.4222999,0.07662819,0.08272608,0.7240205,359.5697,0.03286574,0.7909411,-0.3829035,0.2562513,0.331484,-0.6784823,-0.1598401,0.7357324,0.2069718,295.2554,352.0739,2.066808,-0.007013932,0.7649286,-0.3195425,-0.277117,0.1552967,-0.05886724,0.09940572,0.7394907,0.2118476,303.3549,18.75806,342.5286,
6470.559,-0.01886686,-0.01258878,0.07565207,-0.02501882,-0.01419619,0.01937504,-0.03994484,0.4221843,0.0778428,0.02929034,0.7333989,359.5602,0.03330953,0.7835327,-0.3925248,0.3461965,0.3156116,-0.6257081,-0.1593717,0.7463835,0.201647,294.8794,351.4923,2.13629,0.0005055889,0.7373573,-0.3400702,-0.001013708,0.2104806,0.01717131,0.09961586,0.74806,0.2071092,303.0648,19.45005,341.6181,
6484.464,-0.01970816,-0.008985229,0.07861315,-0.004734732,-0.006872712,0.01489851,-0.04018585,0.4221385,0.0790081,0.02812644,0.7251701,359.5511,0.02493331,0.7779486,-0.3918546,0.3721892,0.1576587,-0.5780447,-0.1589183,0.7569902,0.1967277,294.6344,350.4326,2.962372,0.010066,0.7137736,-0.3714908,0.1824896,-0.06865089,0.4535952,0.09841071,0.7580366,0.2008207,302.7371,21.28497,340.9179,
6498.591,-0.0199279,-0.005970442,0.08197113,0.01440258,-0.007020847,0.01152734,-0.04041505,0.4221523,0.08023328,359.9846,0.7296378,359.5463,0.02016433,0.7680775,-0.3789988,0.3017656,0.07915951,-0.6875517,-0.1580165,0.7670905,0.1920462,294.6839,348.9486,3.901095,-0.01386018,0.7056453,-0.3935112,0.241294,-0.5113257,0.5994002,0.09740283,0.7675862,0.1954654,302.1507,21.89681,341.6953,
6512.623,-0.01937586,-0.002394961,0.08590128,0.01973087,-0.01248152,0.02109691,-0.04064712,0.4222644,0.08148693,359.9617,0.753589,359.5043,0.02106821,0.7435973,-0.3619987,0.1542924,0.2360458,-1.051291,-0.1567339,0.7766078,0.1871066,295.1017,347.1963,4.196829,-0.006362781,0.6857291,-0.4122525,0.3818253,-0.6457782,0.9016792,0.09735804,0.7760075,0.1897687,301.7213,23.74685,341.26,
6526.134,-0.01914615,-0.0003010532,0.08920582,0.02514363,-0.00612365,0.0221067,-0.04094684,0.422246,0.0828871,359.9257,0.7336683,359.4865,0.02780519,0.7141808,-0.3588634,0.1283383,0.4551131,-1.408294,-0.155142,0.7857503,0.1816626,295.4358,345.3215,4.182785,0.02245043,0.6556478,-0.4317932,0.5711878,-0.5664437,1.227992,0.09735868,0.784009,0.1837735,301.4816,26.63026,339.7127,
6540.242,-0.01971124,0.001265381,0.09278841,0.02769387,0.02161794,0.02518957,-0.04126272,0.4222937,0.08423306,359.9031,0.655041,359.4643,0.04235715,0.6831494,-0.3684938,0.1227311,0.6397375,-1.478484,-0.1537926,0.7942458,0.1758809,295.6338,344.2912,3.621036,0.04134388,0.6241415,-0.4462095,0.7501192,-0.3322954,1.259539,0.09713446,0.7917157,0.1778931,301.2789,29.27831,337.7075,
6554.329,-0.02014963,0.001483682,0.09565106,0.0525465,0.04701843,0.02271277,-0.04148853,0.4222855,0.085622,359.8083,0.5746674,359.4543,0.06009305,0.6560197,-0.3914806,0.2290452,0.7571734,-1.226385,-0.1527179,0.802714,0.1699256,295.334,344.2819,2.635129,0.04555766,0.5933281,-0.4474494,0.8417966,-0.01516714,1.018855,0.09696443,0.798883,0.1723326,301.1454,31.17006,335.6505,
6568.207,-0.01937274,0.001106202,0.09744786,0.06642779,0.05114023,0.01616806,-0.04169239,0.4222813,0.08703943,359.7468,0.5457467,359.4515,0.06007893,0.6375325,-0.420065,0.4458419,0.7195383,-0.9994562,-0.1523965,0.8113709,0.1640638,294.6848,343.8008,2.3939,0.02675273,0.5659379,-0.4330171,0.7476749,0.1935192,0.5641325,0.09631269,0.8059998,0.167073,301.0306,31.54996,334.5673,
6582.352,-0.01716376,0.0008846242,0.09898285,0.05249942,0.04487561,0.01631164,-0.04188266,0.4223146,0.08846691,359.752,0.5322285,359.4312,0.03046862,0.6126782,-0.4472347,0.7279468,0.5644575,-1.169643,-0.1520928,0.8193793,0.1579115,294.1516,341.0732,3.863278,-0.004261598,0.5446579,-0.4135118,0.5988733,0.138391,0.174445,0.09590209,0.8128692,0.16226,300.6744,31.0184,334.5853,
6596.347,-0.01491577,-0.000894054,0.09986375,0.03109893,0.03873857,0.01648006,-0.04207939,0.422146,0.08984471,359.762,0.5058959,359.4156,0.003556207,0.5860013,-0.4704235,1.016003,0.4140279,-1.43025,-0.1512779,0.8265162,0.1516216,293.7071,337.0953,6.249,-0.008454233,0.5208125,-0.4017706,0.5650227,0.02375606,0.2627037,0.0955272,0.8191193,0.1574543,300.4265,31.88825,334.0611,
6609.983,-0.01325492,-0.003323499,0.1009313,-0.003902401,0.0445407,0.03152455,-0.04222539,0.4219987,0.09125466,359.8368,0.4474759,359.3601,-0.004425511,0.5494599,-0.4833977,1.175754,0.3514329,-1.598017,-0.1500579,0.8326383,0.1454741,293.4407,333.3238,8.36279,-0.0009801984,0.4882322,-0.3969613,0.5866182,-0.2578617,0.74541,0.09461807,0.8248293,0.1524039,300.2255,34.13373,333.4033,
6623.928,-0.01088306,-0.006109761,0.1015638,-0.0473293,0.06010168,0.02933727,-0.04230221,0.4219179,0.0926113,359.9506,0.3655439,359.3628,0.0210879,0.4894427,-0.4846478,1.093111,0.5668765,-1.690566,-0.1482116,0.8376216,0.1388506,293.3591,331.485,8.299026,-0.001307845,0.460154,-0.411078,0.6623349,-0.6577032,1.226504,0.09383002,0.8306062,0.1466794,299.7886,36.63697,333.1098,
6638.025,-0.008348031,-0.009866968,0.1012031,-0.04596304,0.07508515,0.02488842,-0.04236679,0.4216467,0.09397665,359.9558,0.2881679,359.3459,0.05553817,0.4406221,-0.4999181,1.123467,0.8083177,-1.575583,-0.1462224,0.8422115,0.1319309,292.8044,330.2794,7.783279,-0.002727777,0.4346023,-0.4330534,0.7124974,-0.8982548,1.484462,0.09322736,0.83639,0.1405687,299.3766,38.85573,332.9221,
6652.029,-0.005988495,-0.01315204,0.1000895,-0.03830698,0.08564959,0.04082175,-0.04237179,0.4213839,0.09533157,359.9712,0.2006606,359.2721,0.09132059,0.4003084,-0.517656,1.139724,1.021574,-1.315712,-0.1445319,0.8465443,0.124867,291.9227,329.9258,6.740855,0.005584881,0.404498,-0.4517549,0.6118383,-0.6601231,1.456926,0.09313284,0.8421865,0.1337446,299.6316,40.52547,332.31,
6665.88,-0.003112737,-0.01787847,0.09676526,-0.02555737,0.08754857,0.04830866,-0.04231367,0.4208882,0.09651998,359.9616,0.1315369,359.2333,0.09943224,0.3669055,-0.5389946,1.034062,0.9708983,-1.257435,-0.1429451,0.8510502,0.1166006,291.6489,328.9829,6.359078,0.009046689,0.3860352,-0.4768348,0.6550158,-0.2332287,0.8632402,0.09296831,0.8469923,0.1267828,299.5809,41.48109,330.7914,
6680.025,-0.0005465634,-0.0242884,0.09146879,-0.06624454,0.08065911,0.06106484,-0.04224333,0.4203759,0.0976104,0.1379978,0.08213364,359.1563,0.0866214,0.341563,-0.5844827,0.9709093,0.5358366,-0.8367886,-0.1420317,0.8550119,0.1072876,291.3316,327.2499,8.062289,0.01377468,0.3640894,-0.4919825,0.8224114,0.2501785,-0.07209076,0.09391226,0.8508728,0.1202884,299.15,41.6632,328.5323,
6693.801,0.001496598,-0.03010761,0.08531686,-0.1389092,0.0754819,0.07769599,-0.04221147,0.4198867,0.09857255,0.4014257,0.0470522,359.0701,0.06855281,0.3153663,-0.6356187,0.9852467,-0.03535183,0.02683083,-0.1417277,0.857918,0.09811701,290.5488,325.3414,11.59715,0.03288272,0.3261782,-0.4886244,1.094409,0.6866223,-0.7785319,0.09502955,0.85388,0.1148533,298.8107,42.19782,325.4802,
6707.597,0.003243543,-0.03393675,0.07896192,-0.2157514,0.07281356,0.0778332,-0.04210617,0.4195769,0.09947133,0.6847486,359.9802,359.0256,0.04862969,0.2772767,-0.6656751,0.902403,-0.6942053,1.313205,-0.1420957,0.8600509,0.08970887,289.6803,324.6284,16.08787,0.05623916,0.2801767,-0.4627609,1.232102,0.9113458,-0.8611895,0.09532703,0.856568,0.1099024,298.9035,43.57135,322.515,
6721.636,0.003942272,-0.03336144,0.07468563,-0.2174051,0.08595273,0.06705388,-0.0420789,0.4193028,0.1004808,0.8098127,359.8864,358.9961,0.03818777,0.2296325,-0.6361439,0.6534961,-1.169401,2.43773,-0.1424254,0.8617742,0.08297186,289.2839,326.3598,18.8635,0.04462481,0.2529859,-0.4268399,0.9860797,0.6751264,-0.5478616,0.09437953,0.8597403,0.1051052,298.9275,44.36376,321.5962,
6735.635,0.003175491,-0.03018919,0.07108182,-0.1576569,0.09924343,0.09136559,-0.04205637,0.4189747,0.1014006,0.778754,359.776,358.8485,0.0414781,0.1885586,-0.5776818,0.4899504,-1.189294,2.762131,-0.1420654,0.8633007,0.07722794,289.003,328.3672,19.91128,-0.006833553,0.2393262,-0.4111432,0.5922128,-0.06777824,0.2400694,0.09211987,0.8626525,0.09995735,298.5196,45.35006,322.6126,
6749.632,0.002816817,-0.02847444,0.06609061,-0.08044642,0.1075906,0.1399046,-0.0420099,0.4184791,0.1021682,0.7187517,359.6773,358.6462,0.04985669,0.1600841,-0.5152398,0.3982852,-0.9655025,2.57763,-0.1414012,0.864862,0.07246108,288.676,329.9732,20.10679,-0.05232891,0.2240536,-0.4038799,0.3883005,-0.6815984,0.7357135,0.09024602,0.8648959,0.09477794,297.811,46.16613,323.9483,
6763.209,0.002984658,-0.03202418,0.06040226,-0.06591825,0.1094565,0.158618,-0.04194589,0.4177258,0.1028355,0.8010517,359.5876,358.5135,0.05688687,0.1355419,-0.4223631,0.2961267,-0.5763067,1.861738,-0.1405554,0.8662271,0.06957593,288.4393,330.6454,19.58267,-0.1009672,0.2019545,-0.3905968,0.4243727,-1.189357,0.432688,0.08969167,0.8645612,0.09103807,296.0873,45.67768,325.1806,
6777.32,0.003380746,-0.03805561,0.05384317,-0.1387958,0.1195308,0.1435211,-0.04187888,0.4171385,0.1034239,1.114078,359.4738,358.4533,0.05784969,0.1230724,-0.3496805,0.2442134,-0.2278149,1.11524,-0.1398731,0.8675758,0.06717806,288.2201,330.628,19.02818,-0.1020777,0.1779282,-0.3742853,0.5504591,-1.261626,0.187096,0.08998256,0.8637528,0.08774894,294.7279,45.82517,325.241,
6791.337,0.003802281,-0.03942716,0.04765039,-0.2255822,0.1289643,0.09329994,-0.04176982,0.41693,0.103889,1.428258,359.3635,358.4845,0.05289179,0.1125303,-0.264282,0.1274028,0.1753267,0.07707753,-0.1391594,0.868997,0.06577741,288.3571,330.0962,17.51129,-0.05719057,0.1386148,-0.3319756,0.529478,-0.8965915,0.134299,0.09093875,0.8626878,0.08512789,294.4515,46.5702,324.5083,
6805.265,0.005197274,-0.03448759,0.04349665,-0.1817999,0.1064707,0.06056452,-0.04163161,0.4167544,0.1043982,1.395075,359.3438,358.4715,0.03689676,0.1024977,-0.1986266,0.1210168,0.4238676,-0.8732189,-0.1386014,0.8703076,0.06423932,288.7579,328.4977,16.5182,0.01200667,0.1004451,-0.2723389,0.41166,-0.2076761,0.1260077,0.09197782,0.8635407,0.08272043,295.2667,47.58643,323.1171,
6819.273,0.007914972,-0.02694088,0.03831854,-0.07241105,0.06098767,0.04013187,-0.04145077,0.4164594,0.1048644,1.234888,359.3793,358.4659,0.01914729,0.09193642,-0.15801,0.1941743,0.5193483,-1.288537,-0.138525,0.8712738,0.06258453,288.9879,327.0203,16.04462,0.04671087,0.08183461,-0.2245796,0.3150424,0.2580013,-0.08335795,0.09265861,0.8645426,0.08058313,295.9214,47.89133,321.9946,
6833.264,0.0103779,-0.02380865,0.03314087,-0.002337522,0.02419423,0.02633631,-0.04128213,0.4158988,0.1052029,1.16256,359.4099,358.4678,0.01517848,0.08800684,-0.1419151,0.1690452,0.5494134,-1.055649,-0.1388348,0.8723649,0.06098066,288.8455,327.3206,15.10945,0.05379854,0.07609933,-0.1990803,0.2417234,0.4089599,-0.281072,0.09343291,0.8654672,0.07849871,296.2019,47.67589,321.3956,
6846.928,0.01199592,-0.02527927,0.02715224,-0.01436276,0.002904214,0.03368055,-0.04105996,0.4154475,0.1052846,1.260907,359.4283,358.4036,-0.0001856834,0.08093364,-0.1314854,0.06323754,0.3907824,-0.4392181,-0.1402069,0.8733585,0.05940692,288.6091,328.5355,14.55243,0.06059921,0.06213931,-0.153973,0.1337043,0.5707902,-0.6381138,0.09461474,0.8659872,0.07714354,296.4734,46.48528,321.1503,
6860.871,0.01337441,-0.02928762,0.01884835,-0.04642566,-0.02650451,0.0516616,-0.04087137,0.4150189,0.1053655,1.360245,359.4968,358.328,-0.03201461,0.07639616,-0.1240434,0.03252563,0.04969445,0.1988053,-0.1422471,0.874078,0.05845341,288.4398,328.9836,15.47272,0.06678236,0.05280364,-0.129803,0.159085,0.6900525,-0.7785056,0.09521589,0.8667211,0.07572816,296.7606,46.11857,320.3699,
6874.923,0.01447829,-0.02850807,0.01403451,-0.08375105,-0.05548879,0.06733159,-0.0407012,0.414975,0.1055135,1.486673,359.5924,358.2407,-0.08047637,0.07436364,-0.1020042,0.01417708,-0.4563714,0.7022145,-0.1451075,0.8745556,0.05840739,288.6457,328.4505,17.85818,0.07126594,0.04938719,-0.113934,0.2848542,0.7518927,-0.8602101,0.09628388,0.8672457,0.07458782,296.9431,46.21534,319.1024,
6889.007,0.01565298,-0.02214342,0.01182144,-0.08174987,-0.07997021,0.06324236,-0.04053055,0.4150379,0.1056816,1.508332,359.6981,358.214,-0.1378501,0.06308719,-0.0607242,-0.04481569,-1.021767,0.7407978,-0.1477907,0.8745832,0.05898886,289.6337,326.5289,21.20396,0.08039722,0.03690797,-0.1075468,0.4543492,0.6983148,-0.6949027,0.09705304,0.8669351,0.07356249,297.0203,47.27212,317.4734,
6902.68,0.01556678,-0.01464177,0.01062612,-0.04869745,-0.09167782,0.01035248,-0.04038522,0.4149125,0.1058318,1.477105,359.7843,358.3328,-0.1757048,0.04580066,-0.01593614,-0.09864776,-1.391222,0.4897127,-0.1496919,0.8745005,0.0596,290.9509,324.3603,24.15079,0.09051806,0.01102915,-0.09017834,0.49068,0.6967058,-0.4532125,0.09807739,0.8660855,0.07311919,297.3716,48.34877,316.1173,
6916.788,0.01351372,-0.01106521,0.008610708,-0.007492276,-0.09508906,-0.02380658,-0.0401997,0.4146174,0.105921,1.396978,359.8559,358.3781,-0.1731214,0.02982447,0.02108862,-0.1775513,-1.381067,0.2726801,-0.1508284,0.8741407,0.06049094,291.9547,323.4074,25.48795,0.08976898,-0.01311767,-0.05853806,0.3790744,0.6300485,-0.2609191,0.09846529,0.8652772,0.07330404,297.7352,48.83249,315.5715,
6930.45,0.0110949,-0.01113358,0.006097754,0.02052649,-0.0957778,-0.03704753,-0.04012407,0.4144862,0.105939,1.356546,359.9319,358.4238,-0.1379998,0.01622686,0.04817366,-0.3186575,-1.031568,0.09175228,-0.1514028,0.8736883,0.0614231,292.5115,323.9068,24.90871,0.0617699,-0.01986907,-0.0145866,0.09017324,0.4199152,-0.2406865,0.09838197,0.8652096,0.07418204,297.8047,47.87984,316.4765,
6944.276,0.008430129,-0.01234325,0.001144372,0.04755569,-0.0827096,-0.06568112,-0.04009411,0.4143056,0.1058214,1.265066,359.966,358.5259,-0.08432965,0.005238181,0.05442386,-0.3226711,-0.477672,0.01981985,-0.1513188,0.872928,0.06209715,292.3446,324.9958,23.45651,0.02789642,-0.01481672,0.02075678,-0.1535155,0.150875,-0.1542764,0.09796463,0.8654185,0.07509761,297.7179,46.80111,317.834,
6958.39,0.005638684,-0.01086808,-0.002238179,0.0195289,-0.06072,-0.04945183,-0.04011907,0.4142145,0.1057055,1.351072,359.9776,358.5018,-0.03468411,-0.003838761,0.04500671,-0.1447943,0.07292019,0.05672956,-0.1515807,0.8719186,0.06299083,291.5124,326.1422,21.91976,0.008835276,-0.01439594,0.04489619,-0.2447721,-0.06078463,0.02999964,0.09778265,0.8647087,0.07633103,297.6105,46.38849,318.8086,
6972.382,0.003722789,-0.007496706,-0.004189508,-0.0127037,-0.06137735,0.01077155,-0.04014844,0.4142231,0.1056002,1.412063,0.03499725,358.3462,-0.01842992,-0.01459168,0.04553119,0.02726717,0.3061964,-0.02066309,-0.1521769,0.870892,0.06452708,290.9141,326.3015,21.30889,0.002501938,-0.02993977,0.06344723,-0.2737355,-0.2135567,0.1854551,0.09794061,0.8632404,0.07772087,297.4898,46.1981,319.6231,
6986.343,0.001787954,-0.001481208,-0.004232975,-0.01169716,-0.08859985,0.05778561,-0.04020491,0.4143946,0.1055379,1.378539,0.1699086,358.2557,-0.02720435,-0.02690885,0.06524082,0.0447978,0.2829477,-0.2570068,-0.1528396,0.8699414,0.06636813,290.9599,325.7041,21.25687,0.008025991,-0.05180169,0.07655219,-0.2646735,-0.3073129,0.3065649,0.09827647,0.8616377,0.07911449,297.3804,46.17971,320.2745,
7000.339,0.0003555696,0.000703705,-0.006134621,0.07672761,-0.07971218,0.03095667,-0.04025789,0.4144825,0.1053907,1.112155,0.1823798,358.3238,-0.03974213,-0.03599471,0.0937503,-0.04531442,0.1740947,-0.4601872,-0.1532728,0.8692385,0.06843552,291.4084,325.1263,21.20819,0.008084625,-0.0572114,0.08925579,-0.2741322,-0.3621725,0.250817,0.09832648,0.8613685,0.08067153,297.2054,45.70229,321.0697,
7014.389,-0.002834089,0.001064072,-0.007342019,0.1065081,-0.03408106,-0.01052365,-0.04038663,0.4145192,0.1052512,1.028764,0.09818692,358.4155,-0.03767332,-0.03105534,0.122603,-0.1777815,0.1371613,-0.4367683,-0.1537323,0.868983,0.07064722,291.7559,325.5504,20.50384,0.008196015,-0.04543037,0.1017149,-0.1618709,-0.2845733,0.1184062,0.09847733,0.8612189,0.08268673,297.0492,45.60838,321.073,
7028.208,-0.006269015,0.001839681,-0.008175096,0.07888619,0.0251174,-0.01184625,-0.04054968,0.4145814,0.1051291,1.058428,359.9882,358.387,-0.04244133,-0.03271688,0.1340868,-0.2292379,0.03416247,-0.4382258,-0.154304,0.8680857,0.07246469,292.1713,325.4785,20.35005,0.01315939,-0.04251353,0.1226961,-0.1671304,-0.1531087,0.08612686,0.09883904,0.8603779,0.08497569,297.1952,45.42701,321.2291,
7041.862,-0.007006528,0.004740851,-0.007682886,0.05197846,0.04036673,-0.01066279,-0.04065199,0.4147387,0.1050454,1.065273,359.9595,358.3969,-0.0443942,-0.04068891,0.1360437,-0.2355329,-0.03026445,-0.3047688,-0.1549043,0.8669847,0.0742433,292.4035,325.6454,20.23297,0.02573926,-0.05348044,0.1448122,-0.242832,-0.06199589,0.1634897,0.09932499,0.8593572,0.08725361,297.5191,45.19091,321.7055,
7055.952,-0.007659152,0.009250323,-0.006954265,0.06283792,0.01001938,0.007529348,-0.04082134,0.4150258,0.1049694,0.950407,0.03505385,358.3442,-0.04226162,-0.04481714,0.1346327,-0.1871515,-0.03583273,-0.06696567,-0.1556429,0.8660842,0.07634408,292.3356,326.1308,20.08339,0.03865012,-0.06879125,0.1591981,-0.247014,0.04797827,0.2142354,0.09966704,0.8581308,0.08945151,297.8897,45.21603,321.8449,
7069.939,-0.008654651,0.01381847,-0.005419688,0.1078901,-0.03164322,0.04956764,-0.04101858,0.4153864,0.1049397,0.7672709,0.1205153,358.2162,-0.0517447,-0.04852993,0.1443702,-0.1586759,-0.1318251,0.01464391,-0.1565982,0.8652279,0.07900055,292.4727,326.1445,20.36634,0.04004316,-0.08114465,0.1677733,-0.2358482,0.142426,0.1102623,0.09965338,0.8568503,0.09165263,298.1648,44.95385,321.928,
7083.741,-0.009899057,0.01426397,-0.006997453,0.1631734,-0.02611728,0.00904428,-0.04121955,0.4155959,0.1047933,0.5374035,0.09578141,358.3528,-0.0611663,-0.05456703,0.1633624,-0.2415331,-0.2029088,-0.1424605,-0.157152,0.8642696,0.08157682,293.0152,325.9546,20.38838,0.01758406,-0.08072889,0.1767797,-0.2973909,0.1061064,-0.2183053,0.09922867,0.8561282,0.09397357,298.0977,43.57446,322.7148,
7097.75,-0.01022559,0.01243886,-0.008827673,0.1355996,0.04392278,-0.100338,-0.04138878,0.4156897,0.1046026,0.5680948,359.903,358.6688,-0.06434321,-0.06207375,0.1756724,-0.3033444,-0.220116,-0.2330376,-0.1578242,0.8632339,0.08390084,293.518,325.9566,20.20778,-0.00231244,-0.07397818,0.1806541,-0.2720422,0.06380279,-0.4711914,0.09915072,0.8552478,0.09643874,297.8944,42.288,323.3317,
7111.65,-0.0101428,0.00985373,-0.01187448,0.08450417,0.09336694,-0.1363828,-0.04154041,0.4157331,0.104348,0.5905938,359.768,358.7659,-0.06163915,-0.07426634,0.1781495,-0.2845791,-0.2128127,-0.1902176,-0.1583411,0.8617001,0.08618438,293.7896,326.0195,20.1588,-0.01448758,-0.0817261,0.1875106,-0.2585312,0.1045003,-0.5778812,0.09878604,0.8534592,0.09905712,297.8853,41.26263,323.7455,
7125.669,-0.007583715,0.007938989,-0.01468857,0.06187637,0.06665112,-0.0798999,-0.04155593,0.4157795,0.1040824,0.5606096,359.8194,358.6528,-0.04604512,-0.08437338,0.176916,-0.2106685,-0.1161569,0.06085628,-0.1589334,0.8601214,0.08890516,293.5762,326.7628,19.8022,-0.03193565,-0.09500027,0.1984318,-0.3404017,0.05140889,-0.7126753,0.09823498,0.8517548,0.10171,297.8159,39.57732,324.8501,
7139.641,-0.002623977,0.007635705,-0.01858876,0.04072009,-0.0278394,-0.001033156,-0.04126534,0.4158848,0.1036143,0.5457249,0.04420119,358.5246,-0.04094209,-0.09238275,0.1820662,-0.1662915,-0.1102116,0.1133712,-0.1593349,0.85856,0.09176852,293.5848,327.0015,19.76899,-0.04595109,-0.111742,0.2072075,-0.35289,-0.02220531,-0.8622503,0.09803489,0.8496075,0.1044723,297.596,37.74607,326.0036,
7153.592,0.00019038,0.008704978,-0.0218263,0.03182717,-0.1117407,0.03045846,-0.0413754,0.4161331,0.1032317,0.5283827,0.2548293,358.4763,-0.03718268,-0.1045611,0.1951905,-0.1405386,-0.1678098,0.07656796,-0.1593895,0.856612,0.09489328,293.7723,326.8369,20.0556,-0.04528522,-0.1379612,0.2139355,-0.3371167,0.01494444,-0.9073369,0.09781036,0.8468349,0.1072145,297.5542,36.29937,326.7836,
7167.386,0.0001221886,0.009664551,-0.0277721,0.06859326,-0.1279887,0.0203351,-0.04149203,0.4162719,0.1024712,0.3719542,0.3207409,358.5141,-0.02909946,-0.1264674,0.2123391,-0.158508,-0.2361525,0.07771648,-0.1592264,0.8539128,0.09822968,294.0509,326.8235,20.28741,-0.04851681,-0.162207,0.2220578,-0.3204613,0.07409732,-0.9990057,0.09706763,0.8443293,0.110081,297.5581,34.74352,327.5178,
7181.402,0.000666881,0.006303338,-0.03802389,0.114821,-0.04689346,-0.08765338,-0.0413584,0.4159163,0.1017138,0.2088326,0.1427927,358.8472,-0.009334937,-0.1530949,0.2300359,-0.1819637,-0.2484179,0.195225,-0.1586577,0.8510363,0.1018404,294.1746,327.3559,20.19547,-0.07439614,-0.1587427,0.2302429,-0.2463809,-0.02091192,-1.254639,0.09614393,0.8427352,0.11343,297.1379,32.37907,328.7811,
7195.272,0.0002917927,0.001667603,-0.04914701,0.05419301,0.05350669,-0.1545351,-0.0411973,0.4157269,0.1005198,0.3528982,359.9331,359.0335,0.02089296,-0.1723376,0.2446357,-0.2142871,-0.2086301,0.245518,-0.1572631,0.8483729,0.1054001,294.2805,328.0161,19.8496,-0.09367295,-0.1534253,0.2379218,-0.1686444,-0.09114309,-1.172982,0.09483237,0.8405265,0.1169304,296.8134,30.9436,329.6198,
7209.303,0.002301538,-0.003161355,-0.05933008,-0.02082368,0.07365935,-0.06571463,-0.04102063,0.4157413,0.099498,0.4923431,359.9231,358.7999,0.0700335,-0.1877833,0.2471614,-0.1878088,-0.03919192,0.2327394,-0.1548396,0.8451507,0.1085657,294.1412,328.7203,19.15187,-0.1158349,-0.1697477,0.2514106,-0.3918499,-0.2021889,-0.8132257,0.09243788,0.8375394,0.1199438,297.0415,29.71079,331.1523,
7222.905,0.007790872,-0.002441976,-0.06636094,-0.06844979,5.526301E-05,0.0588056,-0.04075056,0.4160883,0.09846544,0.6056447,0.1074393,358.5461,0.1262835,-0.2122233,0.2375306,-0.1319851,0.3011316,0.427016,-0.152437,0.8407689,0.1115787,293.455,330.5877,17.42093,-0.1458307,-0.1893825,0.2561826,-0.5498167,-0.3637401,-0.7968291,0.09044822,0.8344768,0.1228616,297.0983,27.36736,333.4614,
7236.997,0.0126554,0.004699375,-0.07003073,-0.05747458,-0.09697822,0.1207823,-0.04062289,0.4165783,0.0975576,0.5829992,0.3525989,358.4025,0.1775349,-0.2473744,0.2308917,-0.1389206,0.7003319,0.8790511,-0.1510826,0.8361398,0.1148766,292.4258,334.7008,13.94745,-0.1733175,-0.2253919,0.2452699,-0.5075458,-0.4744557,-0.8953259,0.08847331,0.8300568,0.1253234,296.8732,24.99449,335.5043,
7250.951,0.01424125,0.01449094,-0.07196247,0.01959394,-0.1301819,0.1309802,-0.0405385,0.4170018,0.09655142,0.3788463,0.4457243,358.3149,0.1816787,-0.288156,0.2290108,-0.1333685,0.8571214,0.9955317,-0.1504219,0.8311046,0.1181971,291.7939,338.041,11.00729,-0.193207,-0.2808559,0.2128444,-0.2736972,-0.4927253,-1.060241,0.08627518,0.8242952,0.1270522,296.3411,22.89099,336.9053,
7264.736,0.01229253,0.02171139,-0.07582992,0.1242914,-0.08587632,0.09633622,-0.04048669,0.4172949,0.09529825,0.09191819,0.3711873,358.3265,0.1410378,-0.3260695,0.2137221,0.1501665,0.758763,0.5992649,-0.149804,0.8255957,0.121161,291.1568,337.7226,10.93472,-0.2096141,-0.3259113,0.181487,-0.05369542,-0.5341803,-1.28407,0.08417385,0.8185023,0.1285508,295.6563,20.26968,338.5992,
7278.925,0.0090183,0.02075503,-0.0836278,0.2162512,-0.007589585,0.03156401,-0.04037699,0.4170925,0.09378067,359.7928,0.2249763,358.438,0.09006871,-0.3601742,0.1917947,0.5429279,0.4979208,-0.043114,-0.1485614,0.8194948,0.1238501,290.6064,334.1602,13.4558,-0.2339613,-0.367862,0.1487312,0.1829579,-0.6724491,-1.623076,0.08191361,0.8122636,0.1298536,294.6919,16.38335,341.2609,
7292.655,0.007398235,0.01154922,-0.09422616,0.2009602,0.06072763,-0.004613183,-0.04022184,0.4166583,0.0921274,359.7566,0.0739531,358.468,0.07071403,-0.3978782,0.1770104,0.6619122,0.1525714,-0.3171557,-0.1464831,0.8127038,0.1259429,290.5206,330.8675,16.23208,-0.2647773,-0.4159044,0.1134232,0.5698875,-0.876056,-2.100243,0.08017009,0.8054403,0.1314731,293.3196,10.74432,345.1527,
7306.332,0.007276665,-0.001126157,-0.1058436,0.07083943,0.08255541,0.02308779,-0.04011731,0.4163293,0.09027066,0.009768775,0.02099496,358.3592,0.1086541,-0.4439638,0.1847707,0.299441,0.03337913,0.5519418,-0.1449152,0.8049269,0.1286897,290.2679,333.8011,15.0991,-0.2620561,-0.4554875,0.1023841,0.8011134,-1.094929,-2.073864,0.07894483,0.7982836,0.1337062,292.1834,5.797736,349.2194,
7320.349,0.008416833,-0.01108081,-0.11592,-0.08373321,0.06960119,0.05893239,-0.04006144,0.4162547,0.08847351,0.3353508,0.02389847,358.246,0.1705088,-0.4995203,0.204443,-0.08886485,0.2485844,2.03285,-0.144765,0.7965509,0.1323491,289.6745,342.975,9.432081,-0.2251654,-0.4887352,0.1132505,0.904842,-1.208601,-1.608033,0.07837708,0.7910086,0.1364765,291.2017,2.690102,352.3702,
7334.321,0.009270571,-0.01316838,-0.1221001,-0.1567506,0.06576589,0.0738477,-0.03996766,0.4163562,0.08676826,0.5024666,359.964,358.1877,0.1804979,-0.5660304,0.2276094,-0.2349188,0.4256223,2.543065,-0.1449417,0.7871262,0.1363568,289.5903,350.3855,4.36285,-0.153042,-0.5168663,0.144232,0.8166204,-1.019322,-0.8711234,0.07868414,0.7833813,0.1398079,290.5767,2.774586,352.9543,
7348.186,0.009041797,-0.007931408,-0.1241104,-0.115176,0.087221,0.079498,-0.0398633,0.4165663,0.08511959,0.4391683,359.8358,358.1229,0.1274957,-0.6243118,0.2376668,-0.09968262,0.4909624,1.622865,-0.1449,0.7769831,0.1397951,289.3734,351.0169,3.289932,-0.06171564,-0.5506392,0.1885095,0.5507854,-0.5388775,-0.1484369,0.07947405,0.7749649,0.1434034,290.5431,5.825133,350.683,
7362.204,0.008510612,0.0001017,-0.1236918,-0.01326034,0.1008222,0.09708299,-0.03972989,0.4167995,0.08351844,0.223778,359.7337,357.9949,0.04789053,-0.6748765,0.2209982,0.469772,0.4767028,0.0067034,-0.1445958,0.7657627,0.1430384,288.4422,345.4916,6.097189,0.007354088,-0.5903547,0.2278098,0.2588429,-0.04926148,0.1817304,0.08017298,0.7662137,0.1467835,290.9708,8.841155,347.9179,
7376.236,0.009108186,0.008290572,-0.122838,0.1233895,0.08945977,0.1134741,-0.03957668,0.4169906,0.08184426,359.8952,359.6985,357.8887,0.01115238,-0.7223132,0.1917688,1.230434,0.5896604,-1.244973,-0.1431388,0.7539868,0.1462068,287.0352,338.6302,9.460615,0.01983636,-0.6287939,0.2538915,0.0752593,0.1763453,-0.1001625,0.08024001,0.7570871,0.150478,291.3377,8.829308,347.2142,
7390.189,0.01010761,0.01201157,-0.1228559,0.20577,0.07382191,0.1025774,-0.03945881,0.417035,0.08019085,359.6469,359.6573,357.8527,0.02742583,-0.7683171,0.1868211,1.450109,0.7583764,-1.579562,-0.1419342,0.7421468,0.1497016,286.0466,335.6034,10.05779,-0.01585584,-0.6623945,0.2791332,-0.06152139,0.03554245,-0.6722093,0.07996384,0.7481413,0.1546943,291.618,5.516646,349.3591,
7404.024,0.01077517,0.01336342,-0.1226137,0.2096118,0.07780961,0.08585532,-0.03932357,0.417186,0.07850981,359.5386,359.5712,357.8177,0.06468455,-0.8255097,0.2082637,1.062971,0.8970572,-1.007834,-0.1413155,0.7294695,0.1534279,285.4601,338.2546,7.057055,-0.06004324,-0.6914817,0.2967553,-0.1465766,-0.4057801,-0.9241327,0.07969701,0.7392989,0.1587561,291.8556,1.130383,353.3354,
7418.08,0.01139812,0.01434354,-0.1218894,0.1592084,0.09611958,0.06112963,-0.03907837,0.4174288,0.07679804,359.5335,359.4453,357.814,0.09604815,-0.8788314,0.2377027,0.4832379,1.010726,-0.1212396,-0.1412618,0.7163574,0.1574212,285.2444,344.4675,1.791192,-0.06153932,-0.7110521,0.3014334,-0.1618175,-0.7226322,-0.5997151,0.08004402,0.7300727,0.1623099,291.9446,359.018,356.1707,
7431.777,0.01249489,0.01448657,-0.1204835,0.1136489,0.09697261,0.0543739,-0.03879483,0.4176509,0.07516225,359.5195,359.3834,357.7662,0.08801678,-0.931398,0.265138,0.04569644,0.9325373,0.4778296,-0.1424191,0.7026792,0.1616445,285.4355,349.8016,357.6028,-0.002893329,-0.7398759,0.3054735,-0.2636158,-0.6853178,0.142166,0.08178665,0.7195109,0.165822,292.2045,0.6748454,356.0229,
7445.545,0.01468336,0.01488431,-0.1183134,0.08244308,0.06914678,0.06757512,-0.03854525,0.4179664,0.07359181,359.4955,359.4024,357.6715,0.04179716,-0.968991,0.2763593,-0.02674824,0.6499955,0.5061741,-0.1436756,0.6887817,0.1656514,285.4838,350.9435,356.9023,0.05214222,-0.7621317,0.2922556,-0.1930507,-0.4632366,0.5584102,0.08346868,0.7084156,0.1689977,292.1982,2.87706,354.8254,
7459.549,0.01607201,0.01611916,-0.1151722,0.08365394,0.01780136,0.07486562,-0.03834222,0.4182721,0.07211835,359.3889,359.4791,357.6123,-0.02450095,-0.9981292,0.2723929,0.1454981,0.2159567,0.2105448,-0.1449797,0.674557,0.1693637,285.2621,348.0257,359.6765,0.1102094,-0.7995149,0.2516853,0.1270389,-0.05869361,0.6007271,0.08595376,0.696031,0.1715234,291.6089,5.320083,352.4951,
7473.449,0.01630595,0.01748241,-0.1127118,0.1276663,-0.02280453,0.07079748,-0.03818345,0.4185404,0.0706066,359.1707,359.556,357.5785,-0.07182712,-1.019473,0.2791724,0.1596708,-0.1476922,0.03975993,-0.146228,0.6599448,0.1737397,285.356,344.8511,2.860099,0.1365739,-0.8453584,0.2172199,0.4373391,0.3203245,0.1942087,0.08802652,0.6828139,0.174368,290.8463,6.417671,350.4047,
7487.288,0.01558218,0.01787389,-0.1103739,0.1840671,-0.05194606,0.04255609,-0.03799011,0.4186394,0.06917523,358.9305,359.6139,357.6139,-0.08372783,-1.039906,0.3081618,-0.1008386,-0.2472847,0.1779236,-0.1476425,0.6453779,0.1787017,285.8482,345.0244,3.272145,0.1360696,-0.8901541,0.210816,0.5230693,0.5650667,-0.2996598,0.08973597,0.6698154,0.1778708,290.4471,6.340708,348.9809,
7501.31,0.0145858,0.017443,-0.1089907,0.1815727,-0.05997535,0.00423157,-0.03780663,0.4188499,0.06767571,358.848,359.6572,357.6788,-0.08314203,-1.060843,0.3407771,-0.4147878,-0.1993897,0.2620649,-0.1491101,0.630648,0.1837426,286.597,346.5368,2.258733,0.09418961,-0.9333323,0.2320037,0.478344,0.5500537,-0.8832816,0.08969364,0.6567698,0.1821866,290.3255,4.057745,349.4702,
7515.002,0.01425751,0.01722019,-0.1078616,0.1417226,-0.04622787,-0.04761064,-0.03757408,0.4190968,0.06626797,358.818,359.6496,357.8181,-0.07887743,-1.082379,0.3708562,-0.6641313,-0.05869366,0.3300692,-0.1506937,0.615686,0.18895,287.3899,348.8074,0.3848358,0.01765534,-0.9394104,0.2667207,0.3681866,0.01296383,-1.311592,0.08938082,0.6449901,0.1873712,290.3587,358.5611,353.8549,
7528.88,0.014291,0.02088326,-0.1051012,0.09171273,-0.01511339,-0.1079272,-0.03735062,0.4197771,0.06488195,358.8434,359.5886,358.0024,-0.09442997,-1.094587,0.3907369,-0.7264719,-0.06084833,0.2795542,-0.1530073,0.6011369,0.1943478,288.0309,349.644,359.7857,-0.03306788,-0.9362296,0.3274735,0.03153635,-0.6809673,-1.082828,0.09009456,0.6336845,0.1934828,291.0492,353.8252,359.1961,
7542.735,0.01393611,0.02712361,-0.1010183,0.1128277,0.001767832,-0.1261523,-0.03712115,0.420448,0.0635664,358.6554,359.5536,358.1024,-0.1386269,-1.098438,0.4068387,-0.6767535,-0.4242659,0.02258442,-0.1553151,0.5866082,0.1999149,288.765,347.0338,2.504123,0.01273421,-0.9373602,0.3792331,-0.2978556,-0.7893571,0.1138995,0.0914216,0.6213633,0.1989171,291.5864,356.4193,359.0576,
7556.801,0.01343835,0.03481581,-0.09528027,0.2103326,-0.02865304,-0.04623723,-0.03697014,0.4209776,0.06255344,358.2635,359.6687,357.9281,-0.1691956,-1.097358,0.4279762,-0.75619,-0.8254922,-0.1706252,-0.1569696,0.5729626,0.2055023,289.9476,344.0018,5.838319,0.1014496,-0.9407755,0.4042305,-0.4120166,-0.4490525,1.346101,0.09339897,0.6087127,0.2039696,291.9706,3.034334,355.1964,
7570.653,0.01377758,0.03960036,-0.08921667,0.2943242,-0.1007431,0.06760296,-0.03685884,0.4214923,0.06156012,357.8926,359.8972,357.6747,-0.1567878,-1.093088,0.4608374,-1.125329,-0.9102777,-0.01752484,-0.1582862,0.5613318,0.2115499,291.5634,344.386,6.277179,0.1695326,-0.9531221,0.4056916,-0.4596785,0.08687302,1.664336,0.09535086,0.5955639,0.2086463,292.6471,8.426266,350.9666,
7584.166,0.01348598,0.0403267,-0.08491854,0.3086051,-0.1549745,0.1075249,-0.03680471,0.4218729,0.06056267,357.6813,0.09008212,357.6004,-0.1146205,-1.089726,0.4858604,-1.470383,-0.6541288,0.3030613,-0.1594681,0.549654,0.2175642,293.0453,347.3056,4.258446,0.1522492,-0.9665895,0.3993767,-0.4947832,0.4501513,0.7791491,0.09623621,0.5825558,0.2137549,293.1914,8.524149,349.6378,
7598.181,0.01085626,0.03827863,-0.08032427,0.2512522,-0.1376048,0.06811655,-0.03688166,0.422271,0.05962753,357.6321,0.09551397,357.6758,-0.08550458,-1.094152,0.4790543,-1.418019,-0.3040432,0.3506214,-0.1607906,0.5350864,0.2231364,293.8963,349.4229,2.350207,0.08050307,-0.9711862,0.3936696,-0.4796928,0.574694,-0.3307655,0.09573931,0.5700954,0.2189358,293.6044,5.745326,350.2572,
7612.06,0.006732313,0.03789575,-0.07407986,0.154716,-0.03431277,-0.02856469,-0.03684244,0.4230012,0.05881491,357.7296,359.86,357.9042,-0.08227774,-1.087014,0.4600084,-1.059426,-0.2047024,0.2614913,-0.1620193,0.5204967,0.2290187,294.1092,349.7217,2.112041,-0.003632337,-0.9726769,0.3997585,-0.6032746,0.3546243,-0.9495203,0.09484743,0.5577754,0.2243955,294.3474,2.17405,352.4214,
7625.875,0.002618244,0.04120506,-0.06612372,0.1346713,0.07830951,-0.1286743,-0.0367541,0.4237233,0.05801356,357.5692,359.5928,358.1514,-0.101399,-1.071112,0.4578318,-0.822326,-0.3160642,-0.0378772,-0.1638076,0.506207,0.2354381,294.5397,348.4129,3.263749,-0.04545365,-0.9783797,0.4183662,-0.8871422,0.01581039,-0.7948493,0.09419218,0.5454212,0.2296785,295.5014,0.5169128,354.2125,
7639.897,0.00156155,0.04505907,-0.05964787,0.2031481,0.1177794,-0.1491393,-0.03666477,0.424403,0.05740003,357.2422,359.4728,358.2418,-0.1318239,-1.05773,0.4623694,-0.5992912,-0.455876,-0.5732884,-0.1650038,0.4920463,0.2417473,295.1325,345.4135,5.522618,-0.04195847,-0.9816716,0.42869,-1.06577,-0.2800919,-0.2080613,0.09410071,0.5329777,0.2346698,296.5424,0.8843528,355.041,
7653.802,0.002537658,0.0482445,-0.05290038,0.2675572,0.0811083,-0.1052245,-0.0366085,0.4249999,0.05690421,356.9231,359.5297,358.2011,-0.1347802,-1.040401,0.4664869,-0.479878,-0.3508287,-0.9680557,-0.1656379,0.4782427,0.2479638,295.7635,343.1573,6.696373,-0.01262699,-0.9773883,0.4198014,-1.054234,-0.4673123,0.3799822,0.09457151,0.5208525,0.2392426,297.2838,2.178985,355.2595,
7667.32,0.004320778,0.04748451,-0.0461323,0.29971,0.006899849,-0.02888679,-0.03661597,0.4255089,0.05651829,356.6532,359.6773,358.0779,-0.1238426,-1.036403,0.4772786,-0.6167704,-0.2377605,-1.193212,-0.1661211,0.464534,0.2541457,296.8766,341.8301,7.015763,0.01517524,-0.9624087,0.399039,-0.9103487,-0.5269173,0.6572884,0.09531095,0.5097108,0.2440798,297.7504,3.188929,355.3833,
7681.277,0.005059039,0.04467597,-0.04014824,0.2863224,-0.03950699,0.02743438,-0.03666085,0.4260641,0.05612856,356.4901,359.7562,357.993,-0.1021079,-1.049007,0.4938367,-1.017107,-0.3354072,-1.08115,-0.1664689,0.4504447,0.2600646,298.6183,341.7737,6.957058,0.03107499,-0.944028,0.3753891,-0.7565114,-0.4191595,0.6649455,0.09606126,0.4987062,0.2485661,298.0966,3.885972,355.2132,
7695.245,0.004260606,0.04129684,-0.0346817,0.2484236,-0.02433126,0.009279709,-0.03666304,0.4265284,0.05578381,356.3726,359.6811,358.0878,-0.06265118,-1.069375,0.5074839,-1.524516,-0.6817744,-0.4086221,-0.1666891,0.435976,0.2657378,300.5963,343.7518,6.543159,0.04627918,-0.9242368,0.3409092,-0.6025002,-0.06085416,0.4871067,0.096778,0.4868482,0.2524328,298.3542,4.682402,354.1186,
7709.204,0.002554448,0.03885053,-0.02935788,0.1876356,0.02818064,-0.05083772,-0.03660704,0.4270071,0.05550905,356.3492,359.5175,358.2536,-0.01377314,-1.08616,0.4996392,-1.816151,-1.181677,0.4792961,-0.1668007,0.4212658,0.2706849,302.4051,346.6206,6.39805,0.05224669,-0.9190104,0.3276209,-0.6405949,0.342635,0.1664975,0.09759036,0.4743004,0.2564486,299.014,4.970483,352.9183,
7723.15,0.002011077,0.03816019,-0.02300782,0.137132,0.07393456,-0.08162877,-0.03648221,0.4276454,0.05532604,356.3181,359.3892,358.3314,0.008445039,-1.086619,0.4759685,-1.729292,-1.480358,0.8185769,-0.1666053,0.407169,0.2753111,303.7655,348.1044,6.994359,0.05971171,-0.9201477,0.3333392,-0.8069423,0.6894774,-0.07939433,0.09858412,0.4620196,0.2606339,300.0982,5.143798,351.6508,
7737.256,0.00215804,0.03824805,-0.01759557,0.1495009,0.06376278,-0.05778327,-0.03642237,0.428139,0.05526555,356.121,359.4011,358.2946,0.02025419,-1.070658,0.4445288,-1.51395,-1.598028,0.7993607,-0.1660118,0.393513,0.2796459,304.8516,348.6117,7.979656,0.07177259,-0.9198967,0.3406999,-1.006581,0.929131,-0.15913,0.09965312,0.4498004,0.264439,301.4616,5.506083,350.3577,
7750.87,0.003085717,0.03832489,-0.01186564,0.17574,0.02290434,0.002092107,-0.03638029,0.4285944,0.05535829,355.9194,359.4815,358.1698,0.02290289,-1.049431,0.4079458,-1.286295,-1.413106,0.4533036,-0.1650895,0.3800049,0.2832186,305.715,348.1612,8.829625,0.08109642,-0.9126849,0.3318925,-1.038938,0.8954053,-0.06248357,0.1005101,0.4375517,0.2677472,302.4787,6.036021,349.5247,
7764.782,0.003452624,0.03766656,-0.005757798,0.187907,-0.01726711,0.03926679,-0.03642859,0.4290491,0.05547132,355.7607,359.5631,358.1024,0.02810217,-1.026463,0.3594128,-1.024111,-1.040972,0.08843922,-0.1637557,0.366591,0.2861505,306.2027,347.3841,9.302518,0.08776877,-0.9050967,0.3168335,-1.02249,0.7820557,0.04913562,0.1015389,0.4254176,0.2708415,303.3431,6.549009,348.9632,
7778.802,0.002660011,0.03559792,-0.0007351869,0.1826917,-0.02383796,0.02624835,-0.03646924,0.4293473,0.05557558,355.6316,359.5581,358.1407,0.04957736,-1.006337,0.3177778,-0.8845962,-0.6400588,-0.03662321,-0.1621788,0.3533779,0.2890925,306.6042,347.3369,8.962887,0.09533702,-0.9027892,0.3068841,-1.021612,0.8417118,0.08203933,0.1025778,0.413156,0.2739773,304.3059,7.09829,348.0395,
7792.845,0.0009532203,0.03266528,0.002541867,0.1386085,0.001194798,-0.008810531,-0.03641221,0.4296729,0.05564432,355.6422,359.468,358.237,0.08593637,-0.9855143,0.2806376,-0.8518955,-0.2263609,0.01894915,-0.160144,0.3405375,0.2915682,307.0098,348.0633,7.805904,0.09679669,-0.904074,0.3091835,-1.093315,1.085353,-0.02718954,0.1037127,0.401191,0.2775407,305.5851,7.307206,346.8391,
7806.722,-0.0004354714,0.02969682,0.005567238,0.08110429,0.03043462,-0.04847777,-0.03636481,0.4301042,0.05572806,355.6901,359.383,358.3295,0.1206888,-0.9614097,0.2490255,-0.7927489,0.01193992,0.2041249,-0.1580643,0.3281937,0.293736,307.3137,349.2094,6.563004,0.09303666,-0.9054891,0.3128207,-1.1718,1.244462,-0.05684511,0.1045351,0.3892171,0.2810403,306.9686,7.549752,345.6936,
7820.769,-0.001284262,0.02878708,0.008853375,0.05282799,0.03273111,-0.05850461,-0.03635646,0.4305639,0.05598065,355.661,359.368,358.3706,0.1429401,-0.9354654,0.2265868,-0.762709,-0.02307502,0.3994363,-0.1563808,0.316257,0.2959757,307.7333,350.402,5.790113,0.07956586,-0.9107814,0.3077927,-1.219872,1.176276,-0.03079745,0.1047997,0.3768885,0.2840341,308.2269,7.703846,345.084,
7834.354,-0.0008536945,0.02992686,0.01300376,0.07019234,0.01372677,-0.03994392,-0.0363811,0.4310725,0.05634643,355.5381,359.4047,358.3466,0.138015,-0.9115777,0.2161725,-0.8406813,-0.1954557,0.3690044,-0.155179,0.3047493,0.2981627,308.5529,350.9147,5.75166,0.0697247,-0.9222692,0.296778,-1.252444,0.9803035,0.1028012,0.1050095,0.3641596,0.2867119,309.3808,8.117295,344.7146,
7848.238,0.0003714687,0.03187909,0.01847786,0.1075188,-0.01300467,-0.02367344,-0.0363754,0.4315343,0.05681573,355.3818,359.4568,358.3601,0.111634,-0.8925641,0.211569,-0.9674734,-0.3881421,0.1206917,-0.1542339,0.2933372,0.3001538,309.695,350.5807,6.380108,0.04947885,-0.9285691,0.2777326,-1.202043,0.8831154,0.02286318,0.1051327,0.3516594,0.2889576,310.3669,7.951322,344.566,
7862.291,0.001275203,0.03239983,0.0243622,0.1303178,-0.02876367,-0.02679708,-0.03634723,0.4318519,0.05734253,355.2418,359.4828,358.3998,0.07484707,-0.8809036,0.2058723,-1.09729,-0.491781,-0.2951131,-0.1533271,0.2821151,0.3018247,311.0652,349.4707,7.373814,0.03499088,-0.9262502,0.2508187,-1.034465,0.8498099,-0.07494818,0.105403,0.3391728,0.2910193,311.0453,7.676857,344.3026,
7876.36,0.001572834,0.02982203,0.02894934,0.1221494,-0.02837026,-0.03470545,-0.03634222,0.4320658,0.05782291,355.1895,359.4925,358.4498,0.05374217,-0.8695421,0.1987491,-1.220526,-0.5664912,-0.5495863,-0.1520373,0.2712761,0.3033388,312.5331,348.5706,8.213575,0.02353463,-0.9165076,0.2154723,-0.8139735,0.7947291,-0.08875936,0.10536,0.3269573,0.2925035,311.4501,7.607398,343.9085,
7890.315,0.001696699,0.02595695,0.03171621,0.08282761,-0.02302876,-0.05634234,-0.03631099,0.4323648,0.05824725,355.2226,359.4747,358.5446,0.06789976,-0.8499239,0.1912848,-1.301408,-0.6204978,-0.3924567,-0.1503643,0.2609807,0.3048818,313.8054,348.8716,8.316607,0.009613436,-0.9071984,0.1891495,-0.714618,0.7692853,-0.1009872,0.1049647,0.3146509,0.2941459,311.972,7.524632,343.5436,
7904.149,0.001615648,0.02430377,0.03447878,0.05509595,-0.01966434,-0.07841497,-0.0363338,0.4328273,0.05881262,355.2169,359.4809,358.6463,0.09627488,-0.8199916,0.1822202,-1.328574,-0.5996664,-0.08796619,-0.1487596,0.2513843,0.3062643,314.8592,349.8626,7.858152,-0.01183983,-0.9208813,0.1914142,-0.9458611,0.9763337,-0.2456373,0.1042893,0.3019789,0.2960068,313.4104,6.932693,343.2078,
7917.851,0.001219279,0.02622788,0.03844725,0.08287213,-0.02030348,-0.07953104,-0.03631961,0.4333627,0.05953026,355.0551,359.4787,358.6974,0.1080268,-0.787708,0.1717282,-1.332157,-0.5000563,0.01730444,-0.1474421,0.2420443,0.3073685,315.8799,350.4786,7.437795,-0.04628297,-0.9423293,0.1991742,-1.205689,1.291851,-0.5698487,0.1034855,0.2895781,0.2977011,315.2769,5.539464,343.0951,
7931.845,0.001026632,0.02948707,0.04288326,0.1360053,-0.02115985,-0.07545353,-0.0363265,0.4338394,0.06035221,354.8311,359.4848,358.7499,0.09703901,-0.7564925,0.1553959,-1.303598,-0.3726013,-0.09603698,-0.1464752,0.2332392,0.3080384,316.9001,350.419,7.333015,-0.07676375,-0.9433341,0.1843054,-1.179109,1.414665,-0.8773886,0.1028709,0.2776029,0.2986927,316.6182,3.84334,343.2797,
7945.771,0.000764912,0.03076586,0.04819421,0.179904,-0.02531051,-0.08297153,-0.03630023,0.4340776,0.06119405,354.6348,359.4869,358.8512,0.08197641,-0.7239885,0.1309167,-1.148271,-0.2533816,-0.195302,-0.1455713,0.2246895,0.3084033,317.5742,350.1582,7.363857,-0.08664988,-0.9194706,0.1480162,-0.9086539,1.266367,-0.8903216,0.1020923,0.2661954,0.2991845,317.1433,2.83039,343.3685,
7959.852,0.001068342,0.02721354,0.05101997,0.1613906,-0.02488038,-0.09883653,-0.03628013,0.4341784,0.06188054,354.591,359.4851,358.9609,0.07053795,-0.6770029,0.09040379,-0.8809234,0.03865981,-0.1638203,-0.1448398,0.2166187,0.3081562,317.6785,350.0681,6.860543,-0.08170936,-0.8833005,0.1152928,-0.7029595,0.9971574,-0.6695334,0.1013073,0.255275,0.299708,317.4208,2.628749,343.2632,
7973.807,0.001426827,0.02055287,0.05176121,0.08957909,-0.02857311,-0.1189832,-0.03623492,0.4342493,0.06252047,354.6916,359.4946,359.1028,0.05918753,-0.6373864,0.05775385,-0.7030834,0.3975715,-0.176417,-0.1441405,0.2090819,0.3079508,317.7548,349.8444,6.046529,-0.06320222,-0.8554023,0.1023885,-0.8100551,0.7815592,-0.3341622,0.1007532,0.2448476,0.3002796,318.2328,3.138836,342.8988,
7987.365,0.002060818,0.01435208,0.05116271,0.01040499,-0.03438745,-0.1433197,-0.03619473,0.4343761,0.06319493,354.8145,359.5113,359.2573,0.04323958,-0.6058713,0.03961345,-0.6778954,0.5634099,-0.2491023,-0.1436644,0.2019316,0.3077301,318.1556,349.4723,5.472814,-0.03890345,-0.8371927,0.09582493,-1.019832,0.8255767,-0.02159075,0.1005777,0.234721,0.3003244,319.5418,3.889069,342.001,
8001.49,0.002202103,0.0107222,0.0518688,-0.0191044,-0.04757319,-0.160276,-0.03613588,0.4344624,0.06404561,354.8332,359.543,359.4194,0.03180777,-0.5781404,0.03552347,-0.7811041,0.2677997,-0.2258517,-0.1434885,0.1952339,0.3076973,319.0009,349.5316,5.528323,-0.02460987,-0.8149643,0.07578666,-0.9750798,1.098824,0.1628878,0.1001995,0.2246709,0.3001652,320.6066,4.332564,340.5975,
8015.6,0.002689524,0.009352663,0.05369638,0.0005994834,-0.04784779,-0.1454359,-0.03616765,0.4346835,0.06491914,354.7627,359.5564,359.4715,0.02158532,-0.5623441,0.03848635,-0.8412142,-0.2466446,-0.2266321,-0.1437295,0.1885615,0.3078999,319.9878,349.72,6.287366,-0.03999422,-0.7862344,0.05416788,-0.9588884,1.163679,0.08696532,0.09908917,0.2152918,0.2998672,321.6438,4.14894,339.9557,
8029.48,0.002739778,0.007816802,0.05735615,0.0289044,-0.06242782,-0.1689466,-0.03615899,0.4345652,0.06589484,354.693,359.6105,359.6978,0.01197338,-0.5488698,0.04492694,-0.8979189,-0.8574477,-0.2792202,-0.1437563,0.1820391,0.3080531,321.2163,349.9575,7.670017,-0.05663656,-0.7580714,0.03521815,-0.8964377,1.040302,-0.04588307,0.09826377,0.2065153,0.2993579,322.4477,3.754918,339.8662,
8043.391,0.00291268,0.006064578,0.05853489,-0.0009242125,-0.06700926,-0.1690883,-0.03614441,0.4346329,0.06659713,354.8023,359.6335,359.8034,0.01500692,-0.5333676,0.04400283,-0.9371582,-1.225846,-0.2837171,-0.143459,0.1760389,0.3076903,322.4367,350.3445,8.803389,-0.06209998,-0.7038304,-0.0005431697,-0.5811906,0.6521038,-0.1075266,0.09767947,0.1981936,0.298376,322.3655,3.530087,340.147,
8057.514,0.003575319,0.003780506,0.05715917,-0.04112065,-0.06325257,-0.1753896,-0.03610449,0.4346352,0.06728737,354.9073,359.6562,359.9715,0.03256409,-0.5008962,0.02267442,-0.7941408,-1.249353,-0.1177136,-0.1426712,0.1703825,0.3068185,323.0236,350.9756,9.264274,-0.04970841,-0.6514276,-0.03342589,-0.2796791,0.3018517,-0.009221708,0.09733558,0.1903192,0.297375,321.9711,3.748152,340.2206,
8071.545,0.003381053,0.002666635,0.05475032,-0.0676617,-0.06782893,-0.1775238,-0.03605455,0.4347206,0.06797075,354.9981,359.6914,0.1200077,0.0554978,-0.4690588,0.0006575007,-0.6236426,-1.011723,0.1502564,-0.1417327,0.1650164,0.3060013,323.1863,351.8308,8.948538,-0.0363372,-0.6206017,-0.04049221,-0.2300674,0.1205,0.06799099,0.09700889,0.1823908,0.2972441,321.9725,4.052426,340.2114,
8085.484,0.003860032,0.003252526,0.05219783,-0.06579003,-0.07087823,-0.1692777,-0.03599831,0.4348553,0.06865892,355.0229,359.7352,0.2366733,0.07711457,-0.4288196,-0.02357845,-0.4499934,-0.4954113,0.4297714,-0.1407447,0.160237,0.3050924,322.959,352.6839,7.747072,-0.02213458,-0.596219,-0.02031611,-0.4181432,-0.05953144,0.1430101,0.09665822,0.1751388,0.2977423,322.4499,4.55892,340.3575,
8099.58,0.004299833,0.004992497,0.05095261,-0.03314758,-0.06945744,-0.1544758,-0.03594182,0.4350214,0.06934646,354.9702,359.7632,0.3328532,0.07979743,-0.3857263,-0.04473252,-0.2687608,0.2094601,0.5087818,-0.1398824,0.155762,0.3041574,322.5011,352.8908,6.197294,-0.008922192,-0.584287,0.009831993,-0.754028,0.02387073,0.2278327,0.09649587,0.1683459,0.2981296,323.5718,5.095684,340.1524,
8113.633,0.0043684,0.007333427,0.05069459,0.02049448,-0.06172515,-0.1305056,-0.0358994,0.4351413,0.07009411,354.8565,359.7816,0.3961023,0.0701328,-0.3579224,-0.05335031,-0.1512739,0.6385043,0.4526288,-0.1393171,0.1513807,0.3034363,322.1685,352.8081,4.997755,-0.004086669,-0.57,0.02912738,-0.9869831,0.2726225,0.2689523,0.09621209,0.1621282,0.2982408,324.8988,5.410669,339.6678,
8127.112,0.00480953,0.008475256,0.05067298,0.04977711,-0.05267048,-0.1118366,-0.03580657,0.4351987,0.07079871,354.7832,359.7922,0.4636348,0.05127138,-0.3345693,-0.05145451,-0.1268519,0.9266154,0.3055908,-0.1390554,0.1472726,0.302968,322.0383,352.3974,4.023832,-0.02105649,-0.5313836,0.0380174,-1.011458,0.6578974,0.1067465,0.09562898,0.156845,0.2983602,326.1269,4.925659,339.2166,
8141.257,0.005576514,0.007932995,0.05006676,0.0514008,-0.04437236,-0.09596744,-0.03570651,0.4352279,0.07148452,354.7633,359.8054,0.513762,0.02920982,-0.3173018,-0.04195242,-0.2148263,0.958961,0.1329031,-0.1390364,0.1436762,0.3025913,322.2868,351.931,3.488375,-0.04588613,-0.4839867,0.02771099,-0.923549,0.6795229,-0.1825354,0.0948993,0.1520559,0.297984,326.9175,4.113829,339.5393,
8155.298,0.006608317,0.005654371,0.04836614,0.02920902,-0.0340041,-0.0658965,-0.03559333,0.4352224,0.07205791,354.803,359.8156,0.5116693,0.009044444,-0.3005429,-0.02653095,-0.3676383,0.7168508,-0.02288144,-0.1393209,0.1405379,0.3024505,322.8794,351.615,3.511407,-0.06413414,-0.4344179,0.006996986,-0.7687412,0.3845043,-0.4090123,0.09393874,0.1478739,0.2973085,327.2316,3.478173,340.4152,
8169.286,0.00743462,0.002369613,0.04607704,-0.001541484,-0.03018025,-0.02828233,-0.03548087,0.4351742,0.07263578,354.8564,359.8439,0.4665757,-0.00531536,-0.2786939,-0.01215807,-0.5068944,0.321904,-0.1201689,-0.1397428,0.1380258,0.3022233,323.6399,351.5627,3.926179,-0.07720429,-0.374306,-0.01839804,-0.5500879,-0.1296142,-0.5604624,0.0927752,0.1440919,0.2968635,327.0247,3.124505,341.7734,
8183.112,0.008242548,-0.0003850779,0.04418091,-0.02150922,-0.02685606,0.0053694,-0.0353812,0.435154,0.07317401,354.9076,359.8725,0.3997424,-0.01488757,-0.2441979,-0.007406283,-0.5187793,-0.1592124,-0.1619885,-0.1403262,0.1360841,0.3017417,324.257,351.7636,4.697347,-0.08583107,-0.3175544,-0.03485546,-0.3859006,-0.6448675,-0.6362693,0.09146467,0.140642,0.2966151,326.7016,3.024106,343.315,
8197.318,0.00814311,-0.002244035,0.04159704,-0.03724951,-0.02377049,0.04353541,-0.0353523,0.4351904,0.07367336,354.9511,359.9018,0.3121983,-0.02071479,-0.209592,-0.01222039,-0.4137382,-0.5261176,-0.1712968,-0.1409025,0.1343475,0.3011735,324.6038,352.0136,5.542258,-0.09367029,-0.2850318,-0.03998354,-0.3242717,-0.9066226,-0.7248892,0.09022867,0.1374991,0.2961649,326.6161,2.765891,344.8222,
8211.162,0.007370096,-0.003346876,0.03923184,-0.03463057,-0.01287861,0.06222237,-0.0352833,0.4350911,0.07413496,354.9625,359.8961,0.2477396,-0.02440756,-0.1787564,-0.0143528,-0.2980849,-0.7857582,-0.1529528,-0.1415893,0.1327495,0.3009134,324.8429,352.3511,6.368806,-0.104125,-0.2515892,-0.04379415,-0.2177941,-1.006822,-0.8258569,0.08896624,0.134874,0.2956305,326.4639,2.274403,346.3174,
8224.957,0.006608123,-0.005207646,0.0364817,-0.04552844,0.0002074051,0.06394157,-0.03524494,0.4349179,0.07455233,355.0289,359.8856,0.1947862,-0.02906574,-0.1554269,-0.009830919,-0.2583919,-0.8100169,-0.1647563,-0.1421041,0.131349,0.3009085,325.128,352.4956,6.949357,-0.1056704,-0.223213,-0.04349365,-0.1240319,-0.8614714,-0.7729413,0.08805589,0.1324422,0.2953515,326.3615,1.870152,347.1371,
8239.061,0.005538348,-0.007907267,0.03290425,-0.07860303,0.006878983,0.06203327,-0.03516789,0.4347013,0.07487567,355.163,359.8772,0.1541199,-0.03450937,-0.1380877,0.001249051,-0.2989583,-0.6164286,-0.204969,-0.1424916,0.1301591,0.3011132,325.4954,352.356,7.185767,-0.0963611,-0.2027245,-0.0353999,-0.1616822,-0.5721624,-0.6146111,0.08738905,0.1302538,0.2951004,326.5721,1.656078,347.3351,
8252.996,0.005187574,-0.01089694,0.02869972,-0.1166814,0.001609425,0.05353334,-0.03508708,0.4345161,0.07513186,355.3211,359.8988,0.1309899,-0.03901467,-0.1225317,0.01312146,-0.3546059,-0.3028631,-0.2271606,-0.1427846,0.1292064,0.3013816,325.8528,352.0396,7.07461,-0.08058895,-0.1900726,-0.02356976,-0.2941746,-0.2215928,-0.4328789,0.08700461,0.1282857,0.2948396,327.1206,1.529329,347.1066,
8266.872,0.005106457,-0.01227451,0.02439536,-0.1364756,-0.0204292,0.04621334,-0.0350306,0.4344159,0.07534444,355.4436,359.9672,0.1101308,-0.03893979,-0.1053453,0.02058385,-0.3554521,0.006637827,-0.1942601,-0.1430075,0.1283984,0.3016525,326.0579,351.7336,6.713264,-0.06985001,-0.1743153,-0.0225138,-0.2695611,0.05842288,-0.2916292,0.08640084,0.1263648,0.2943649,327.4138,1.341425,346.7361,
8280.613,0.004783872,-0.01141754,0.02036621,-0.1263924,-0.05180952,0.03884175,-0.03499797,0.4343579,0.07553039,355.5081,0.06512673,0.100257,-0.0373047,-0.08953968,0.02358814,-0.3121431,0.2209573,-0.1517155,-0.1432803,0.1276321,0.301947,326.1412,351.4601,6.332749,-0.06558245,-0.1548979,-0.02654302,-0.2133839,0.04408623,-0.2625048,0.08573413,0.1247493,0.2939997,327.5019,1.178029,346.867,
8294.55,0.004419532,-0.00937087,0.01671631,-0.09830748,-0.07750715,0.03177513,-0.03490123,0.434227,0.07579322,355.524,0.1666697,0.1002737,-0.03477956,-0.07824384,0.02696416,-0.2824709,0.2908208,-0.1076832,-0.1436,0.1269151,0.3023389,326.2514,351.3139,6.046578,-0.05667408,-0.143947,-0.02130662,-0.3001134,-0.203354,-0.2433717,0.08514375,0.1233118,0.2939375,327.7688,1.360266,347.4209,
8308.502,0.003464046,-0.007039189,0.01285091,-0.0649486,-0.1022332,0.02337932,-0.03484911,0.4342139,0.07584767,355.5256,0.2838967,0.09866831,-0.03204327,-0.07002881,0.03073884,-0.2563255,0.2259647,-0.07101543,-0.1439992,0.1262303,0.3027889,326.3911,351.3138,5.940159,-0.04438229,-0.1349294,-0.01252436,-0.4122517,-0.4270871,-0.2013872,0.08468313,0.1220232,0.2937337,328.1497,1.723136,348.0005,
8322.533,0.002377769,-0.006226955,0.008871461,-0.04752369,-0.1146248,0.005026073,-0.03488284,0.4341426,0.07582061,355.5427,0.3814868,0.144741,-0.02964275,-0.06365252,0.0351184,-0.2500773,0.09848525,-0.0362117,-0.1444872,0.1257226,0.3032844,326.5901,351.4473,5.939384,-0.03405738,-0.1241485,-0.008247964,-0.4056681,-0.4759091,-0.131739,0.08434501,0.1207483,0.293627,328.3708,2.029556,348.3004,
8336.542,0.0009002911,-0.006157731,0.005164807,-0.04618418,-0.1208429,-0.01456924,-0.03495824,0.4340466,0.07574674,355.5922,0.4787122,0.2019388,-0.03343747,-0.05502996,0.03739681,-0.2148717,-0.03063477,-0.07043083,-0.145171,0.1253905,0.3037303,326.7628,351.4642,6.173846,-0.0293569,-0.1129508,-0.004449473,-0.340631,-0.3514863,-0.0772375,0.08405096,0.119503,0.29372,328.5096,2.130162,348.3165,
8350.479,-0.0003731047,-0.0059796,0.002002063,-0.04714515,-0.1200731,-0.03095564,-0.03501785,0.4339791,0.07566936,355.6351,0.5543361,0.2578318,-0.04367707,-0.0461125,0.03757878,-0.174862,-0.1134941,-0.1743938,-0.1459339,0.1251246,0.3040897,326.9373,351.2448,6.611001,-0.02754566,-0.1054526,0.003282001,-0.3065586,-0.1834395,-0.04188714,0.08386039,0.1183244,0.2940845,328.7138,2.114466,348.2078,
8363.988,-0.001434662,-0.004758961,-0.0005500305,-0.04501303,-0.1183056,-0.0409163,-0.03505859,0.4339842,0.07559969,355.6548,0.6347184,0.3065819,-0.05361692,-0.03780396,0.03586372,-0.1452551,-0.129144,-0.2797031,-0.1465742,0.1249471,0.3043989,327.1128,350.8796,7.063431,-0.01832375,-0.0984277,0.01261457,-0.3234177,-0.09121172,0.03977076,0.08392113,0.1174701,0.2944354,329.0045,2.284589,348.0037,
8378.072,-0.002453294,-0.003008719,-0.003070435,-0.02914501,-0.11082,-0.04316052,-0.03511223,0.4340333,0.07549784,355.6499,0.7060034,0.3440795,-0.05495952,-0.02970627,0.03386161,-0.1380637,-0.1166104,-0.295423,-0.147032,0.124836,0.3047159,327.2809,350.6419,7.333034,-0.003167246,-0.08661822,0.01754182,-0.3205976,-0.07221099,0.1696016,0.08404457,0.116795,0.2946317,329.2396,2.703608,347.6781,
8392.092,-0.00343107,-0.001426693,-0.00532416,-0.01646743,-0.1029109,-0.04225696,-0.03517994,0.4340791,0.07536965,355.6377,0.7693755,0.3778053,-0.04695497,-0.02304854,0.03369635,-0.1530509,-0.08565854,-0.2010842,-0.1473932,0.1248318,0.3051399,327.4277,350.6671,7.300894,0.006785899,-0.06994033,0.01803524,-0.26103,-0.06126804,0.2246024,0.08419106,0.1164373,0.2948042,329.3347,3.023212,347.4283,
8405.954,-0.004488717,-5.276897E-05,-0.007897083,0.002523513,-0.08549372,-0.03642499,-0.03526413,0.4341388,0.07519798,355.6006,0.7928181,0.4034356,-0.03888822,-0.0158593,0.03463432,-0.1725436,-0.008037759,-0.106897,-0.1477439,0.1249725,0.3056051,327.551,350.7147,7.095957,0.01166959,-0.05077388,0.01734325,-0.1806627,0.03032978,0.2286629,0.08452392,0.116369,0.2950912,329.3698,3.122317,347.1327,
8420.009,-0.005682071,0.0014043,-0.009963605,0.02253309,-0.06771855,-0.02853962,-0.03538018,0.434199,0.07499232,355.5501,0.8101848,0.4050851,-0.03600772,-0.007451999,0.03431479,-0.1724887,0.08038267,-0.07167722,-0.1481062,0.1252207,0.3059694,327.644,350.6342,6.909974,0.0170324,-0.03387056,0.02086274,-0.1561003,0.1731518,0.2272765,0.08504197,0.1164513,0.2955581,329.5267,3.108358,346.7362,
8433.97,-0.006810507,0.003488629,-0.01152503,0.04149733,-0.04842488,-0.01768573,-0.03551295,0.4342999,0.07476829,355.4841,0.8189414,0.3992691,-0.03526564,0.001780407,0.0343631,-0.1239594,0.07125585,-0.06955527,-0.1485471,0.1255135,0.3064651,327.6641,350.5603,6.921302,0.02069889,-0.01836441,0.02671663,-0.1520792,0.268662,0.22195,0.08544999,0.1168109,0.2961621,329.727,3.076299,346.3595,
8447.518,-0.008124898,0.006151387,-0.01279733,0.06157995,-0.0225369,0.008252411,-0.03567471,0.434482,0.07453692,355.412,0.8061549,0.3299102,-0.03569688,0.008341835,0.03833377,-0.1148878,0.01130816,-0.09653056,-0.1490166,0.1259859,0.307151,327.7813,350.4926,7.067829,0.02588273,0.003377428,0.02997649,-0.1260077,0.1374281,0.2552274,0.08561837,0.1175427,0.2966984,329.7561,3.405175,346.1665,
8461.61,-0.009331063,0.008115333,-0.01419049,0.07657745,-0.003304186,0.0406739,-0.03585202,0.4347123,0.07429567,355.3247,0.7945614,0.2307048,-0.03653027,0.0201038,0.04836749,-0.1385798,-0.09539817,-0.1624203,-0.1494156,0.1269154,0.3080584,328.0275,350.3951,7.403379,0.02559913,0.02688845,0.03450824,-0.1254928,-0.07250487,0.2318368,0.08555108,0.118613,0.2972974,329.7553,3.802246,346.2751,
8475.608,-0.01026435,0.008055693,-0.01597229,0.08301032,0.01563247,0.06453308,-0.03608382,0.434814,0.07396688,355.2576,0.7727846,0.14995,-0.03199791,0.03158237,0.06045503,-0.2160833,-0.2099393,-0.1603863,-0.1497486,0.128069,0.3090071,328.4182,350.497,7.633834,0.01427903,0.05175778,0.04094506,-0.1059639,-0.1968738,0.101183,0.0853401,0.1201162,0.2980889,329.721,3.876976,346.6395,
8489.604,-0.01101581,0.006307434,-0.01794238,0.06484992,0.02608745,0.07168017,-0.03621687,0.4348621,0.07364069,355.265,0.7415273,0.0867753,-0.02276017,0.04748255,0.06559602,-0.2214262,-0.2762264,-0.0620479,-0.1500167,0.1294551,0.3098398,328.6396,350.8284,7.65501,-0.0008675735,0.0796738,0.04456222,-0.05185674,-0.2833288,-0.05588223,0.08508684,0.1219845,0.2988723,329.5877,3.754984,347.1653,
8503.46,-0.01125707,0.00414399,-0.02025342,0.03912396,0.03562162,0.0660321,-0.03632623,0.4348812,0.07327668,355.2749,0.705875,0.0554368,-0.01302688,0.0722857,0.06492204,-0.1390145,-0.2404667,0.0931204,-0.1502771,0.1311829,0.3107127,328.556,351.2639,7.409833,-0.01071381,0.1120483,0.04937156,-0.01688406,-0.3647377,-0.1588901,0.08494952,0.1243901,0.2998926,329.4478,3.669457,347.7163,
8517.574,-0.0111673,0.002401782,-0.0227688,0.02606885,0.04075469,0.04473155,-0.0364539,0.4349045,0.07287447,355.2693,0.6657261,0.06211307,-0.00835586,0.1008769,0.06326394,-0.03103328,-0.05089045,0.2273216,-0.1504645,0.133322,0.3117256,328.2463,351.5319,6.882077,-0.01260065,0.140645,0.05713579,-0.01472669,-0.4528937,-0.2154786,0.08484547,0.1270753,0.3010283,329.3526,3.678895,348.2702,
8531.071,-0.01104165,0.001532053,-0.02515361,0.02589717,0.03987259,0.02537979,-0.03661984,0.4348752,0.07244477,355.2349,0.6341337,0.07128274,-0.01235467,0.1331929,0.06305952,0.08007592,0.1952378,0.2533951,-0.1507272,0.1360421,0.3128121,327.8276,351.4521,6.357297,-0.01178147,0.1668438,0.06443584,-0.01266023,-0.5577162,-0.2600361,0.08478423,0.1300969,0.3022542,329.2367,3.727986,348.917,
8544.908,-0.01061293,0.001137775,-0.02687673,0.03125214,0.03625419,0.02268583,-0.03679731,0.4348828,0.07201805,355.2012,0.6270525,0.04012438,-0.0177583,0.1692599,0.06978986,0.1417899,0.2867166,0.2202648,-0.1510579,0.139482,0.3142003,327.5084,351.3348,6.068105,-0.003382318,0.2094425,0.06835723,0.06087707,-0.6438358,-0.2253815,0.08496591,0.1342637,0.3033639,328.9525,3.932045,349.4213,
8559.059,-0.01035321,0.0009353459,-0.0282654,0.03458433,0.0269233,0.03182489,-0.03694123,0.4349359,0.07162929,355.1687,0.6275502,359.9892,-0.01889601,0.207639,0.08559952,0.1191911,0.145047,0.1937925,-0.151545,0.1436923,0.3159663,327.4579,351.5057,6.065858,0.005591093,0.2477137,0.06754079,0.1683894,-0.5766082,-0.128801,0.08520698,0.138539,0.3045067,328.576,4.15164,349.5307,
8573.065,-0.01042676,0.0006897535,-0.02968222,0.0304116,0.02191419,0.04138226,-0.03707916,0.4349842,0.07118782,355.1606,0.6215236,359.9413,-0.01790427,0.2582678,0.1009647,0.08576773,-0.05147179,0.2030204,-0.1521463,0.1489512,0.3177288,327.4837,351.8978,6.135749,0.01311062,0.2926125,0.07106372,0.2740473,-0.3393779,-0.01837185,0.08565957,0.1436594,0.3060122,328.2108,4.229933,349.2158,
8586.967,-0.01038724,-0.0006653805,-0.0314194,0.02083037,0.0230566,0.04233181,-0.03723764,0.4349143,0.07070927,355.166,0.6066507,359.9058,-0.01942278,0.3104374,0.1063803,0.1315745,-0.1290235,0.2154463,-0.1526776,0.1547795,0.3193701,327.3163,352.2045,6.150431,0.01729186,0.340795,0.08092498,0.3297759,-0.04916803,0.05425825,0.08608431,0.1494855,0.3077326,327.9554,4.139988,348.7153,
8600.655,-0.01033486,-0.002956541,-0.03363976,0.001601604,0.0259273,0.03438115,-0.03735641,0.4347727,0.07015949,355.2098,0.5783238,359.8988,-0.02196554,0.3688421,0.1097578,0.2275477,-0.1466431,0.2247362,-0.1532332,0.161432,0.321182,326.9754,352.4475,6.158134,0.01382018,0.3777532,0.08770815,0.3732444,0.03921103,-0.001836166,0.08633713,0.1555023,0.309357,327.6282,3.915023,348.6381,
8614.642,-0.01058847,-0.00553271,-0.03624993,-0.02715166,0.02419191,0.03158589,-0.03750479,0.4345984,0.0695996,355.2825,0.5664424,359.8717,-0.02497502,0.4322455,0.1127604,0.36436,-0.08416271,0.2512139,-0.1538224,0.1688859,0.3231687,326.4183,352.6342,6.052022,0.01278318,0.4232169,0.09501205,0.4242197,-0.09205803,-0.08989324,0.08667652,0.1623575,0.3112276,327.147,3.785324,348.9781,
8628.462,-0.01071088,-0.008051153,-0.03846198,-0.05695793,0.02176009,0.03107384,-0.03766163,0.4344648,0.06899901,355.3842,0.5597694,359.8486,-0.02688928,0.4959247,0.1170799,0.4784459,0.108186,0.2983603,-0.1542647,0.1770854,0.3253065,325.7321,352.7205,5.63992,0.01679997,0.4715551,0.103869,0.4751256,-0.431873,-0.1674162,0.08695175,0.1699144,0.3134339,326.5081,3.908452,349.7657,
8642.576,-0.01053101,-0.009494949,-0.04034234,-0.07612015,0.02169462,0.03116818,-0.03778662,0.4343289,0.06838495,355.4685,0.5461773,359.8225,-0.02873629,0.5548419,0.1207612,0.5349867,0.396513,0.3416807,-0.1546948,0.1859776,0.3273286,325.0361,352.6783,4.899487,0.02087203,0.5232863,0.1153577,0.5049242,-0.9280283,-0.2222271,0.08695671,0.178267,0.3159018,325.7811,4.32731,351.0149,
8656.225,-0.009911192,-0.01070881,-0.04201262,-0.08464815,0.02465759,0.02961029,-0.03787488,0.434173,0.06778944,355.5396,0.5217898,359.8083,-0.03223412,0.609854,0.1220722,0.5831633,0.5619388,0.339622,-0.1552336,0.1955313,0.3293255,324.3499,352.5863,4.27056,0.01913216,0.5752081,0.1258095,0.5164851,-1.385108,-0.278323,0.08680119,0.1873352,0.3182108,325.0724,4.80864,352.5548,
8670.137,-0.009583659,-0.01163564,-0.04315839,-0.08465732,0.02296567,0.02555671,-0.03797862,0.4339997,0.06715865,355.5994,0.5078414,359.7914,-0.03009715,0.6608987,0.1256414,0.6165739,0.4504046,0.3996198,-0.1558903,0.2057632,0.331489,323.7208,352.9261,3.868613,0.01114163,0.626178,0.1262517,0.5886074,-1.566864,-0.3481431,0.08672452,0.1969318,0.3202155,324.2795,5.009742,353.9789,
8684.044,-0.009262431,-0.01191761,-0.04427682,-0.08358543,0.02208967,0.02680213,-0.03810894,0.4339162,0.0665506,355.6662,0.5023433,359.7642,-0.03208565,0.7129908,0.1291502,0.6093608,0.2378414,0.3915418,-0.1568701,0.2170575,0.3336546,323.2342,353.3055,3.80751,0.005243596,0.6829901,0.10745,0.8175488,-1.46553,-0.375002,0.0870797,0.2074287,0.3214716,323.1374,4.975758,354.9236,
8698.068,-0.009657806,-0.01063292,-0.04462498,-0.07826582,0.01462717,0.03448481,-0.03827447,0.4338812,0.06594872,355.7157,0.5131855,359.7195,-0.03796465,0.7726092,0.1243144,0.6502708,0.03521249,0.3174831,-0.1576137,0.2292035,0.3352643,322.6869,353.4987,4.071119,0.006667767,0.7478049,0.06663549,1.20662,-1.21837,-0.3486709,0.08759616,0.2183773,0.3220865,321.4496,4.879449,355.3628,
8712.065,-0.01018264,-0.009053038,-0.04492673,-0.06443145,0.0110312,0.03934482,-0.03846391,0.4338097,0.06535272,355.7384,0.5188718,359.6836,-0.03810668,0.8229472,0.1123106,0.7066603,-0.1373773,0.3130094,-0.1584069,0.2414904,0.3366166,322.0604,353.8521,4.314727,0.0121811,0.8050376,0.02957719,1.485074,-0.8427907,-0.3161579,0.08833763,0.2300016,0.3226685,319.7753,4.653238,355.3581,
8725.875,-0.01130074,-0.008301008,-0.04454912,-0.05063108,0.008537788,0.02994474,-0.03867242,0.433602,0.06478716,355.7568,0.5008488,359.6884,-0.03745145,0.8856212,0.08448217,0.8617983,-0.2948974,0.3709683,-0.1594785,0.2550206,0.3373263,321.1415,354.4148,4.541018,0.02106649,0.8509659,0.006936907,1.558275,-0.4473109,-0.2713763,0.08913714,0.2420835,0.3232683,318.4339,4.4212,355.022,
8739.807,-0.01209897,-0.009459417,-0.04447745,-0.05061471,0.01357662,0.005397991,-0.03890377,0.4333187,0.06422195,355.8097,0.4751166,359.74,-0.04464272,0.9388018,0.05393673,1.098585,-0.3598389,0.3835084,-0.1606313,0.2686538,0.33801,319.8954,354.7998,4.833259,0.02538966,0.8853834,-0.002475397,1.472372,-0.06860342,-0.2827953,0.08986454,0.2546224,0.3237866,317.472,3.995064,354.5982,
8753.723,-0.01323672,-0.0119079,-0.04414243,-0.07079253,0.02176491,-0.01309838,-0.03911605,0.4330157,0.0636605,355.9132,0.4373115,359.7744,-0.04870507,0.9796631,0.03680494,1.2591,-0.3625321,0.4005296,-0.161653,0.2824352,0.3390869,318.6215,355.1962,5.013768,0.02538265,0.914284,-0.007455179,1.36843,0.2203227,-0.3531541,0.09071656,0.2674519,0.3243001,316.6394,3.346531,354.2774,
8767.62,-0.01431751,-0.01450534,-0.0429752,-0.1037572,0.02670587,-0.009470139,-0.0392971,0.4328415,0.06305346,356.0598,0.4130894,359.7542,-0.05185613,1.02402,0.04039115,1.152581,-0.2535969,0.3454983,-0.1624526,0.2976151,0.3404773,317.8416,355.3734,4.99864,0.02579573,0.93894,-0.008421125,1.25209,0.3451759,-0.4357605,0.09165633,0.2806339,0.3248624,315.9018,2.603509,354.2261,
8781.131,-0.01507724,-0.01550233,-0.04124339,-0.1176215,0.02504306,0.009138705,-0.03953585,0.4326939,0.0625428,356.167,0.4069513,359.7011,-0.05344081,1.042641,0.05592978,0.8751413,-0.2610435,0.290576,-0.1633573,0.3124478,0.3417064,317.6342,355.5768,5.090914,0.03125075,0.9606798,-0.01011766,1.191242,0.3380727,-0.431498,0.09269439,0.2940656,0.3252827,315.1031,2.095099,354.2343,
8795.213,-0.01553139,-0.01591646,-0.03863376,-0.1219222,0.02281162,0.01700424,-0.03979048,0.4324003,0.06216948,356.2529,0.3977937,359.6934,-0.05471136,1.061297,0.06787709,0.5961022,-0.4591338,0.296763,-0.1646044,0.3277706,0.342689,317.7427,356.0371,5.451838,0.05136807,0.9905396,-0.02171692,1.241057,0.2303952,-0.246988,0.09405899,0.3080386,0.325322,314.0421,2.289311,353.9675,
8809.242,-0.01626401,-0.01625396,-0.03597711,-0.1283087,0.02342768,0.01363512,-0.04004085,0.4321379,0.06177454,356.3728,0.3683985,359.6957,-0.05488352,1.084247,0.06503915,0.5066077,-0.698745,0.3662265,-0.1659715,0.3434541,0.3434967,317.6261,356.7582,5.934758,0.0776741,1.025096,-0.04296479,1.373238,0.04600126,0.06048718,0.09521885,0.3223347,0.3250463,312.6936,3.215764,353.4338,
8823.063,-0.0170958,-0.01786009,-0.03292122,-0.1368012,0.02577027,0.006795412,-0.04027247,0.4317629,0.06141023,356.5015,0.334858,359.7103,-0.06473543,1.116884,0.04750957,0.5755613,-0.7350894,0.2717817,-0.1671771,0.3597538,0.3437087,317.162,356.9079,6.569381,0.08465073,1.046134,-0.05650511,1.42056,-0.066793,0.1792895,0.09614148,0.3365208,0.3248191,311.4603,3.804637,353.1317,
8837.168,-0.01728737,-0.0206741,-0.02950024,-0.1569785,0.0325018,0.008025736,-0.0405218,0.4313812,0.06113765,356.6699,0.3023386,359.6891,-0.07009088,1.155566,0.01441031,0.7911078,-0.5348731,0.1565974,-0.1679758,0.3761505,0.34318,316.1805,356.7474,6.910072,0.07870743,1.063208,-0.06607183,1.368257,-0.0813079,0.1288863,0.09707779,0.351172,0.3244202,310.4538,3.873078,353.0649,
8851.135,-0.01678343,-0.02211136,-0.02568613,-0.1825348,0.03107497,0.004919299,-0.04071137,0.4311394,0.06090403,356.8676,0.2836359,359.7013,-0.06791347,1.187202,-0.02731137,1.045111,-0.189069,0.07820852,-0.1685677,0.392559,0.3422169,314.8435,356.5349,6.770377,0.06721229,1.07739,-0.07158139,1.230393,0.1380383,-0.06319499,0.09813648,0.3662989,0.3239474,309.7754,3.375157,352.8155,
8864.808,-0.01551411,-0.02255205,-0.02098443,-0.1803666,0.0252446,-0.008349246,-0.04090326,0.4308392,0.06080124,356.9757,0.2732109,359.7313,-0.05564016,1.205631,-0.06318162,1.194963,0.1354181,0.06967747,-0.1688339,0.4088722,0.3411455,313.5324,356.519,6.232392,0.06224316,1.085519,-0.07060398,1.087624,0.3462818,-0.1702366,0.09917739,0.3811418,0.3236754,309.2562,3.013862,352.3055,
8878.955,-0.01420465,-0.0215858,-0.0168588,-0.1675903,0.01909269,-0.01507633,-0.04107627,0.4306076,0.06069781,357.0895,0.2667245,359.7559,-0.03447868,1.210332,-0.08499043,1.17733,0.388978,0.1472368,-0.1689022,0.4251158,0.3401318,312.5303,356.9016,5.273899,0.05884823,1.091564,-0.06435055,0.8813909,0.3887524,-0.170028,0.09990805,0.3961864,0.3233692,308.996,2.896276,351.9168,
8892.548,-0.0131447,-0.02036555,-0.01318018,-0.1590789,0.01450309,-0.01773268,-0.04123878,0.4303721,0.06062973,357.2065,0.2600811,359.774,-0.01218407,1.20549,-0.09230612,1.010801,0.5371562,0.2401449,-0.1688019,0.4414571,0.3391892,311.9548,357.5031,4.176678,0.05156376,1.0942,-0.05899868,0.6822883,0.1174158,-0.08015305,0.1002618,0.4112732,0.322838,308.7664,2.943971,352.2584,
8906.516,-0.01191769,-0.01870094,-0.008446556,-0.1464231,0.004644579,-0.0090259,-0.04139233,0.4301886,0.06064214,357.2904,0.2794776,359.7597,0.008543978,1.198484,-0.090457,0.7710609,0.5337658,0.3351692,-0.1685412,0.4577281,0.3381484,311.7466,358.214,3.258233,0.04406045,1.097662,-0.06599799,0.6252923,-0.3138717,0.08039194,0.1005065,0.4263769,0.3218124,308.2541,3.182584,353.1252,
8920.591,-0.01062564,-0.01682197,-0.004029192,-0.1253066,-0.005595044,0.007267503,-0.04153754,0.4300309,0.06075522,357.3545,0.3153642,359.7176,0.02173469,1.188892,-0.09904759,0.5958095,0.5000083,0.4047155,-0.1687204,0.4738262,0.3363442,311.5933,358.9661,2.403591,0.03481632,1.102962,-0.0836992,0.6846412,-0.6093851,0.1928308,0.1005937,0.4415246,0.3204594,307.5015,3.402911,353.9971,
8934.513,-0.008883758,-0.01487601,0.001221465,-0.0988023,-0.01921775,0.0119927,-0.04164633,0.4297186,0.06071346,357.3791,0.3428589,359.7139,0.008286428,1.183676,-0.1317192,0.663843,0.4086888,0.2574501,-0.1693179,0.4896085,0.3336729,310.9486,358.9347,2.295521,0.02315956,1.104473,-0.09728964,0.6745874,-0.5934132,0.1337842,0.1008335,0.4566001,0.3191347,306.9399,3.237116,354.5348,
8948.426,-0.007338758,-0.01500661,0.006007357,-0.08492388,-0.02324781,0.003844932,-0.04171157,0.429471,0.06093854,357.438,0.3581662,359.7384,-0.01278444,1.180865,-0.1750248,0.8656971,0.2881973,0.05328569,-0.1698048,0.5051157,0.3305652,309.8905,358.4352,2.686149,0.01880865,1.102394,-0.1148087,0.6277728,-0.3081268,-0.004899578,0.1014116,0.4717227,0.317347,306.5519,2.940436,354.4258,
8962.478,-0.006211786,-0.01739687,0.009498551,-0.09129798,-0.0200179,0.003483007,-0.0417234,0.4289656,0.06134531,357.535,0.3666989,359.7281,-0.02063744,1.173208,-0.219074,1.022688,0.3091662,-0.1163169,-0.1695825,0.520548,0.3270405,308.7743,357.8459,2.865247,0.01876811,1.095446,-0.1305296,0.6021125,0.009285646,-0.1221188,0.1017269,0.4864025,0.315452,306.1737,2.72173,353.935,
8976.055,-0.004696619,-0.02035699,0.01282947,-0.1338708,-0.02366348,-0.002807667,-0.04173031,0.428722,0.06155889,357.7442,0.3926759,359.7461,-0.002579562,1.159461,-0.2412108,0.9805238,0.4620769,-0.1198362,-0.168817,0.5357662,0.323644,308.0212,357.8409,2.258625,0.009859633,1.086426,-0.139585,0.5254745,0.1965164,-0.2629216,0.1016574,0.501202,0.31356,305.9476,2.226914,353.6992,
8990.011,-0.00282009,-0.01919908,0.01530259,-0.1519488,-0.03209221,-0.01389742,-0.04170892,0.4287076,0.06183776,357.8762,0.4294684,359.7919,0.02089401,1.140304,-0.2503609,0.8191444,0.6382455,-0.05698448,-0.1680505,0.5506041,0.3201404,307.6261,358.223,1.163537,-0.003330454,1.079384,-0.144063,0.4481952,0.2131303,-0.3176308,0.1013789,0.5160258,0.3116715,305.7597,1.74994,353.7502,
9003.919,-0.0005856641,-0.01328178,0.0181979,-0.1029919,-0.04406948,-0.02866766,-0.04171436,0.428813,0.0622557,357.8047,0.489798,359.8335,0.04470329,1.11514,-0.2621091,0.6726879,0.8004673,0.04664557,-0.1673321,0.5651591,0.3162982,307.3595,358.9531,359.7084,-0.007496975,1.071923,-0.1486448,0.3846989,0.04176988,-0.1406789,0.1010109,0.5305044,0.3094777,305.529,1.905064,353.8961,
9018.048,0.001560695,-0.004416646,0.02085455,-0.005078896,-0.0516228,-0.02782826,-0.04161534,0.4289981,0.06262155,357.6092,0.5332953,359.8505,0.04683556,1.092618,-0.2894691,0.6622368,0.8604862,-0.02150837,-0.1671374,0.5796612,0.3116436,306.8815,359.1077,358.7609,-0.001050178,1.06086,-0.162029,0.3949907,-0.200164,0.1974605,0.1005635,0.5445593,0.3067761,305.1337,2.807532,353.9066,
9031.984,0.003202471,0.003176766,0.02275108,0.08526858,-0.06251977,-0.001186075,-0.04154614,0.4290947,0.06307189,357.4012,0.6096569,359.7751,0.02401891,1.085371,-0.3241717,0.810757,0.724867,-0.2656137,-0.1672258,0.5938766,0.3066596,305.9998,358.1862,358.9813,-0.00173457,1.048125,-0.183497,0.4854201,-0.4492433,0.44743,0.09983988,0.5583488,0.3038242,304.5339,3.686133,354.1503,
9045.851,0.004748842,0.006798743,0.02395779,0.1213916,-0.07511299,0.04472516,-0.04143192,0.42915,0.06340252,357.3035,0.6962663,359.6533,-0.005048975,1.072195,-0.3612294,0.9085832,0.3353869,-0.4285512,-0.1672869,0.6076762,0.301451,305.127,356.7833,0.3328629,-0.009633735,1.036805,-0.2104696,0.6130766,-0.5808386,0.5661026,0.0990087,0.5720135,0.3005633,303.7861,4.40933,354.3947,
9059.879,0.005719361,0.006161954,0.02407941,0.106513,-0.08868982,0.07588718,-0.0413793,0.4291438,0.06372073,357.2808,0.800256,359.5532,-0.00624986,1.050308,-0.3722222,0.7753246,0.07801292,-0.338766,-0.1669466,0.6212476,0.296603,304.7549,356.2986,1.078538,-0.02452956,1.024522,-0.2327321,0.6629552,-0.53639,0.4990965,0.0981286,0.5855061,0.2972966,303.1477,4.720389,354.5383,
9073.834,0.006374067,0.004304786,0.0240722,0.07038845,-0.09347565,0.08080798,-0.04128933,0.4291544,0.0640038,357.3052,0.8797831,359.5155,0.00575202,1.027183,-0.3784495,0.634593,0.00910099,-0.2413317,-0.1662578,0.634545,0.2915398,304.5125,356.1507,1.31467,-0.0394262,1.006253,-0.2448258,0.5553244,-0.3548177,0.3170092,0.09733249,0.5987018,0.2939603,302.8793,4.674017,354.5146,
9087.823,0.006385332,0.002286715,0.02477427,0.03835848,-0.08953569,0.06148739,-0.04121733,0.4292149,0.0643989,357.3159,0.9380108,359.5115,0.02895416,0.9997735,-0.3841684,0.5008213,0.01834668,-0.06553128,-0.1653664,0.6473965,0.2863365,304.3361,356.5888,1.02218,-0.05038819,0.9844881,-0.2522994,0.4049491,-0.1174761,0.1308543,0.09650861,0.6116651,0.2904272,302.8391,4.536815,354.2469,
9101.23,0.006276756,0.00137485,0.0260363,0.03300809,-0.07682329,0.04645961,-0.04108307,0.4292382,0.06479482,357.2843,0.9668928,359.4995,0.04662508,0.9717773,-0.3874363,0.4015369,0.04644811,0.09934855,-0.1648555,0.6600497,0.2812488,304.1697,357.2894,0.4981803,-0.05629335,0.9643371,-0.2605079,0.3041843,0.01926775,0.05044102,0.09557728,0.6242158,0.2867089,302.8068,4.557419,353.9387,
9115.355,0.006406097,0.001200387,0.02852921,0.0458737,-0.06830025,0.04659142,-0.04097348,0.4292597,0.06532717,357.2012,1.017851,359.4497,0.04040833,0.9466243,-0.3901388,0.3772098,0.03068176,0.03004542,-0.1647424,0.6723204,0.2762318,303.9261,357.1075,0.628218,-0.06112894,0.9419229,-0.2755834,0.2766345,-0.006663397,0.07962073,0.0945707,0.636546,0.2825617,302.6494,4.729777,353.8564,
9129.311,0.006551792,0.001149124,0.0321136,0.07359789,-0.06739774,0.04713945,-0.04090373,0.4292193,0.06592651,357.0914,1.078604,359.4129,0.01408809,0.9231541,-0.3915141,0.4186941,0.01658558,-0.290393,-0.1646642,0.684192,0.2712233,303.5947,355.6476,1.561266,-0.05780339,0.92449,-0.305697,0.4516141,-0.1658417,0.2998681,0.09353774,0.6486865,0.2779925,301.9792,5.573555,353.7124,
9143.216,0.006854853,0.0002910555,0.03537882,0.09708579,-0.05739937,0.04144964,-0.04081309,0.4290869,0.06652945,356.9765,1.100233,359.3914,-0.0009340793,0.9009777,-0.3951293,0.5185275,0.1230635,-0.5752704,-0.1640668,0.6956692,0.2661082,303.1075,354.0193,2.276801,-0.0504632,0.9121209,-0.3292124,0.6036075,-0.3059368,0.5418494,0.09245037,0.6605531,0.2733627,301.2424,6.812704,353.4205,
9157.316,0.006512679,-0.001352245,0.03878433,0.0942145,-0.03789482,0.04377793,-0.0407421,0.4290379,0.06715345,356.9335,1.09051,359.3424,0.003112003,0.8750187,-0.3953843,0.5363234,0.2750953,-0.6830997,-0.1632593,0.7067713,0.2610461,302.7209,352.9656,2.392587,-0.05050844,0.8995728,-0.3537256,0.7712004,-0.4169444,0.6887946,0.09119152,0.6722507,0.2685459,300.3449,8.022858,353.1802,
9171.274,0.006144245,-0.003094538,0.04186039,0.06050505,-0.01417713,0.04088223,-0.04067305,0.4290034,0.06777787,356.963,1.06455,359.3169,0.01662799,0.8401761,-0.3812636,0.3107483,0.2722993,-0.530695,-0.1627969,0.7177561,0.2560993,302.8685,352.917,2.143123,-0.0532647,0.8801397,-0.3688321,0.8044542,-0.4430014,0.7189021,0.09007952,0.6834458,0.2636285,299.6669,8.981488,352.9726,
9184.848,0.005938384,-0.004645647,0.04471664,0.02789029,0.004668788,0.04277156,-0.04058629,0.428945,0.06845927,357.0038,1.042393,359.2799,0.01389758,0.8026164,-0.3622058,-0.01368567,-0.009688726,-0.3410669,-0.1629388,0.7279977,0.2512083,303.4802,352.8558,2.646595,-0.05868765,0.8539642,-0.3747155,0.7065005,-0.3681764,0.6031229,0.08896433,0.6943104,0.2585297,299.2992,9.455185,352.8174,
9198.929,0.005829303,-0.00493409,0.04850891,0.0134048,0.01660629,0.05253106,-0.04049991,0.4289384,0.06922868,356.9904,1.017686,359.208,0.003507935,0.7648187,-0.3537028,-0.1657224,-0.4109413,-0.1585963,-0.1630385,0.737772,0.2461461,303.9984,352.6182,3.846346,-0.06596152,0.8270721,-0.3791788,0.5783037,-0.1972306,0.3560878,0.08797544,0.7052966,0.2535279,299.0818,9.426101,352.6149,
9212.967,0.005771713,-0.003539706,0.05266748,0.03490286,0.02009097,0.05812483,-0.04044577,0.4289818,0.07013148,356.9047,1.012249,359.152,0.003544442,0.734854,-0.3612658,-0.0820035,-0.5788964,-0.04741091,-0.1625575,0.7470203,0.2409036,304.0281,352.3438,4.858192,-0.0695233,0.8026183,-0.3847494,0.515684,0.02864515,0.1220581,0.08713002,0.7158756,0.2486195,298.8347,9.416799,352.0389,
9226.909,0.005390815,-0.0004963382,0.05761231,0.08085869,0.01925921,0.06798167,-0.04036649,0.4290811,0.07111526,356.742,1.005284,359.0779,0.02086232,0.7129174,-0.369495,0.06088301,-0.4123124,-0.009963102,-0.1614827,0.7564936,0.2360443,303.7317,352.2997,4.993053,-0.0668726,0.7728761,-0.3893873,0.453479,0.1602843,0.1157078,0.08592213,0.7256394,0.2433649,298.6842,10.04506,351.1776,
9241.027,0.005419301,0.002691335,0.06338617,0.1158613,0.01123896,0.07028805,-0.04028547,0.4291913,0.07213458,356.6122,1.020091,359.0121,0.04815122,0.6959902,-0.3676066,0.1262598,0.07295389,-0.02726916,-0.1603422,0.7663872,0.2317061,303.3931,352.7491,3.78795,-0.06975949,0.7400981,-0.3978166,0.4395654,0.1111328,0.2477257,0.08419935,0.734714,0.2376893,298.4379,10.97463,350.5539,
9255.068,0.005120883,0.003534753,0.06842822,0.1229689,-0.01122525,0.08339016,-0.0402513,0.4291347,0.07325262,356.5291,1.088806,358.9246,0.06097077,0.6875907,-0.3607035,0.216189,0.6171835,-0.1873374,-0.1599168,0.7764388,0.2276479,302.9599,353.0156,2.072278,-0.0840078,0.708196,-0.4075157,0.4747419,-0.08186396,0.3490017,0.08222756,0.7434728,0.2321567,297.9931,11.57223,350.5812,
9268.679,0.004941111,0.002665612,0.07362856,0.09806652,-0.03290824,0.09718271,-0.04021192,0.4291614,0.07447068,356.5234,1.162645,358.8179,0.02784669,0.676621,-0.3552926,0.3428547,0.9276139,-0.7089421,-0.1602037,0.7853948,0.223099,302.6066,351.373,1.652288,-0.1056602,0.6843193,-0.4121866,0.5535887,-0.3050157,0.3839404,0.08004978,0.7524775,0.2270274,297.342,11.79308,351.0751,
9282.587,0.005232552,0.002792597,0.08070879,0.05888771,-0.04618829,0.07389167,-0.0401478,0.4293429,0.07586864,356.5444,1.211562,358.8403,-0.02473362,0.6608326,-0.352439,0.4512061,0.9816006,-1.259398,-0.1608911,0.7938066,0.2183623,302.4508,348.5312,2.390084,-0.1250487,0.6680157,-0.4088826,0.5980873,-0.5002534,0.441143,0.07795646,0.7613149,0.2221936,296.7096,11.97094,351.7478,
9296.67,0.005497109,0.006041059,0.08879843,0.04965084,-0.03858875,0.02380425,-0.04003006,0.4296347,0.07734072,356.4966,1.194822,358.9243,-0.07898756,0.6328384,-0.3534701,0.4727263,0.8165318,-1.678414,-0.1618863,0.8015568,0.2134076,302.6685,345.1995,3.958181,-0.1319659,0.648665,-0.3979598,0.5722778,-0.6546372,0.5647936,0.07609165,0.7695247,0.2173739,296.2648,12.35594,352.43,
9310.714,0.005502902,0.009826984,0.09678401,0.075238,-0.01932333,-0.008177447,-0.03993014,0.4298036,0.0789621,356.356,1.156634,358.9617,-0.1108198,0.5945989,-0.3582757,0.4324238,0.5520196,-1.788242,-0.162626,0.8086284,0.2082301,303.0596,342.4448,5.592468,-0.1252918,0.6230425,-0.3871788,0.5221373,-0.7225668,0.6982839,0.07444686,0.7772787,0.2123131,295.9723,13.02169,352.8799,
9324.259,0.006018095,0.01085513,0.1050996,0.1011429,-0.002185654,-0.02070198,-0.0398152,0.4297619,0.08060588,356.2461,1.134886,358.9763,-0.1090197,0.5529015,-0.3711279,0.3674136,0.4430063,-1.627414,-0.1628959,0.815021,0.2025457,303.3069,340.8856,6.329206,-0.1118409,0.6002837,-0.3862422,0.5288513,-0.6319869,0.7084988,0.07315069,0.784866,0.2071025,295.6149,13.85334,352.7628,
9338.406,0.006692689,0.006640538,0.1104146,0.09067095,-0.001031705,-0.01309963,-0.03970756,0.4295297,0.08225112,356.2246,1.147558,358.9532,-0.08161847,0.5181432,-0.3964756,0.3334325,0.5754182,-1.340765,-0.1628201,0.8213662,0.1961851,303.1966,340.3741,5.90285,-0.0888297,0.5759689,-0.386759,0.4776258,-0.4054914,0.6680277,0.07235128,0.792024,0.201813,295.4686,14.97348,351.9749,
9352.466,0.007340182,-0.002094439,0.1149584,0.04331556,0.001220374,0.01255682,-0.03964323,0.4291913,0.08394935,356.2904,1.158695,358.8906,-0.06387383,0.4933136,-0.439256,0.450611,0.7061959,-1.175071,-0.163087,0.8275291,0.1889023,302.7696,339.5372,5.630678,-0.06059679,0.5516204,-0.3912622,0.4162591,-0.1103026,0.6068987,0.07174055,0.7990359,0.1962191,295.4845,16.40401,350.5764,
9366.371,0.006773025,-0.01106168,0.1179117,-0.01476897,0.007873672,0.02717694,-0.0396077,0.4288403,0.08559517,356.4136,1.138875,358.8523,-0.06702404,0.4755047,-0.5080909,0.8064337,0.637843,-1.040219,-0.1637736,0.8346632,0.1808443,301.8892,337.7772,6.565879,-0.03634991,0.5293499,-0.3995383,0.3292952,0.1750946,0.5035259,0.07125589,0.805801,0.1901001,295.661,17.75116,348.9958,
9380.471,0.005025312,-0.01955147,0.1195796,-0.07573522,0.02417909,0.04059099,-0.03959346,0.428338,0.08732887,356.5799,1.095902,358.8061,-0.07342005,0.4563693,-0.5737215,1.358422,0.5366517,-0.8686728,-0.1643656,0.8405243,0.1732507,300.3379,335.198,8.537519,-0.02458017,0.5095908,-0.4235579,0.3191096,0.3546892,0.2982418,0.07080741,0.8122171,0.1831544,295.6458,18.56788,347.695,
9394.105,0.003198445,-0.02597537,0.1209877,-0.1547218,0.04307909,0.05307396,-0.03957734,0.4278793,0.08899435,356.8539,1.039369,358.7493,-0.0747997,0.4254116,-0.6144371,1.499734,0.5559209,-1.067101,-0.1639621,0.8460397,0.1645712,299.6407,332.1407,10.21181,-0.01481739,0.4849822,-0.4642459,0.45979,0.5321097,-0.009044926,0.07085129,0.817623,0.1755745,295.2453,19.2578,346.088,
9408.045,0.001468416,-0.03183464,0.1221557,-0.2066541,0.05020974,0.05449336,-0.03958808,0.4272705,0.09066154,357.0785,0.9979104,358.7239,-0.06483333,0.3952415,-0.6514747,1.469817,0.2445173,-0.9108373,-0.1633601,0.8506847,0.1548129,299.2737,329.6507,12.42379,-0.003818706,0.4478796,-0.5044533,0.673751,0.8072232,-0.5611919,0.071365,0.8220308,0.1680695,294.6017,19.38831,344.0701,
9422.25,-0.0002608337,-0.03903352,0.1221493,-0.2066654,0.05274016,0.04774619,-0.03966735,0.4264223,0.09241125,357.2039,0.9643584,358.7035,-0.02333626,0.3710117,-0.6860331,1.374475,-0.2898564,0.2219751,-0.1632737,0.8544213,0.1453015,298.1367,330.0251,14.45588,-0.002643809,0.4154577,-0.5180991,0.8158044,0.9453352,-1.012738,0.07165698,0.8265289,0.1614694,293.9673,18.99703,342.4512,
9436.308,-0.001524344,-0.04383869,0.1215683,-0.2331027,0.06309195,0.03638785,-0.03970017,0.4258138,0.09405017,357.4541,0.8937463,358.7086,0.02405298,0.3425074,-0.6997036,1.305096,-0.687502,1.546574,-0.1636407,0.8574944,0.1367783,296.6241,332.5677,15.68032,-0.00303562,0.3852927,-0.5081869,0.7877503,0.909354,-1.066554,0.07149738,0.8309329,0.155382,293.6162,18.87813,341.2815,
9450.31,-0.003336877,-0.04504504,0.1197874,-0.2564889,0.07164394,0.01668317,-0.03981614,0.4253329,0.09558874,357.701,0.8295462,358.7343,0.05066292,0.3058133,-0.68581,1.23698,-0.7789153,2.174008,-0.1635235,0.8602502,0.1289188,295.439,334.9789,16.24738,-0.001806051,0.3554095,-0.4872534,0.686695,0.7315258,-0.7454389,0.07096194,0.834898,0.1494528,293.4218,19.60163,340.2862,
9464.209,-0.005680185,-0.04345354,0.1171275,-0.2548788,0.08360415,0.01651563,-0.03991991,0.4248369,0.09711134,357.8827,0.7480873,358.7001,0.05398993,0.2695644,-0.646525,1.100671,-0.6990203,2.091662,-0.1633008,0.8629253,0.1218259,294.7309,336.17,16.7053,-0.003537402,0.3260373,-0.4654418,0.6030211,0.4825615,-0.3406116,0.07043494,0.8383627,0.1438417,293.1816,20.66623,339.5457,
9477.97,-0.007618019,-0.04189683,0.1138173,-0.2439454,0.0864417,0.02897264,-0.04002412,0.4242862,0.09852575,358.0545,0.6839368,358.6518,0.04173796,0.2439172,-0.601211,0.9602977,-0.6041202,1.672913,-0.1630593,0.8655156,0.1153003,294.3486,336.0617,17.56269,-0.007196918,0.2972105,-0.4496453,0.549431,0.2072425,-0.00709182,0.06989132,0.8414282,0.1380736,292.8521,21.62548,339.2072,
9491.989,-0.009303464,-0.04190848,0.109669,-0.2230657,0.0753098,0.03506803,-0.04019237,0.4236242,0.09993467,358.1904,0.6579024,358.6265,0.03240043,0.2222283,-0.5455299,0.8438286,-0.3110425,0.9760259,-0.1622828,0.8680086,0.109495,293.9926,334.9477,18.15431,-0.01506022,0.2715074,-0.4475749,0.6741894,-0.02782198,-0.01531649,0.06987589,0.8440616,0.1325185,292.0103,21.82495,339.1558,
9505.956,-0.009322384,-0.04190793,0.1042646,-0.2170012,0.06994819,0.02480925,-0.04031591,0.4231495,0.1012192,358.3745,0.6198375,358.6363,0.03401995,0.2110219,-0.5086526,0.850098,0.04441025,0.3779172,-0.1616271,0.8702191,0.1039616,293.3231,333.6105,18.50142,-0.007762328,0.242243,-0.4360707,0.7619102,-0.03113528,-0.2008141,0.07045183,0.8462214,0.1276957,291.252,21.87503,338.6248,
9519.889,-0.008042023,-0.04167651,0.09864993,-0.1929827,0.06676602,-0.02355217,-0.04032511,0.4225561,0.1024074,358.461,0.5508552,358.7708,0.03231668,0.200803,-0.4879839,0.8354059,0.1797614,0.08889051,-0.1611058,0.8722285,0.09854293,292.7605,332.4303,19.04288,0.005509526,0.2225912,-0.4201876,0.7726378,0.05514967,-0.3234602,0.07112788,0.8485829,0.1230805,290.7275,22.1758,337.7139,
9533.834,-0.006641332,-0.0410887,0.09109806,-0.1834146,0.06947198,-0.06442596,-0.04036078,0.4219178,0.1034486,358.607,0.4872826,358.8783,0.03467158,0.1738745,-0.4348244,0.7469255,0.3405578,-0.06520242,-0.1608789,0.8735086,0.09422757,292.2461,331.9558,18.82047,0.04246495,0.1903429,-0.3813309,0.789449,0.340552,-0.4104835,0.07237312,0.8500841,0.1194662,290.4935,23.58949,335.3787,
9547.886,-0.006052978,-0.0415578,0.08272082,-0.2038196,0.06226128,-0.04017143,-0.04044545,0.4213583,0.1043167,358.8285,0.4656601,358.822,0.03310023,0.1544205,-0.3918869,0.6285451,0.3419062,0.06850997,-0.1611422,0.8749495,0.09047203,291.765,332.3616,18.52146,0.07169803,0.163592,-0.3412287,0.7365136,0.5606049,-0.4231524,0.07355408,0.8514829,0.1161925,290.4858,25.11966,333.0587,
9561.403,-0.00573243,-0.04256042,0.07643422,-0.2161928,0.04455791,0.003784791,-0.04058114,0.4208898,0.1052313,359.026,0.4825813,358.7313,0.01803053,0.1366451,-0.3407427,0.4547228,0.1933488,0.179943,-0.1615839,0.8762925,0.08736617,291.6636,332.6047,18.63478,0.08697044,0.1432921,-0.3014938,0.6651342,0.638229,-0.4487551,0.07482572,0.8528417,0.1135491,290.4816,26.12123,331.3184,
9575.551,-0.005271623,-0.04165468,0.06973302,-0.1865566,0.0401919,0.03041539,-0.04066321,0.4204636,0.1060369,359.0757,0.4416268,358.6787,0.002517737,0.1239198,-0.2839532,0.245241,0.06440433,0.3411144,-0.1624126,0.8777553,0.08497576,291.7289,333.455,18.3677,0.1055865,0.1201724,-0.2458236,0.5077631,0.7172955,-0.2666007,0.07605396,0.8539038,0.1116676,290.8187,27.64225,329.5222,
9589.603,-0.004916513,-0.03845205,0.06450486,-0.1174899,0.06208755,0.02910599,-0.04071186,0.4200523,0.1068339,359.0275,0.3347404,358.6731,-0.03001646,0.1136013,-0.2260617,0.120276,-0.1380551,0.3108709,-0.1637262,0.8791853,0.08312975,292.0035,333.3039,18.94465,0.1081021,0.1022008,-0.2021798,0.3860824,0.6749963,-0.04649005,0.07680343,0.8546594,0.1100306,291.0944,29.11452,328.1106,
9603.423,-0.00369042,-0.03456526,0.05993784,-0.05671335,0.08819578,0.01734799,-0.04061171,0.4196303,0.1075817,358.9941,0.2171693,358.6907,-0.06111288,0.1079605,-0.1933082,0.1398748,-0.3007969,0.1102209,-0.1648689,0.8805271,0.08129698,292.2514,331.9418,20.35423,0.103049,0.08699435,-0.1707525,0.3258921,0.5812937,0.149387,0.07751317,0.8551937,0.1087244,291.2492,30.58212,326.8908,
9617.548,-0.0012195,-0.03163153,0.05544781,-0.03684356,0.07750763,0.008375943,-0.04053751,0.4192017,0.1082711,359.0288,0.2027747,358.6937,-0.09495719,0.09886236,-0.1596362,0.2094251,-0.4685698,-0.1453113,-0.1662045,0.8814963,0.0801305,292.6023,329.6841,22.45036,0.08649381,0.06491414,-0.1299752,0.2294924,0.4835216,0.3157942,0.07744852,0.8551787,0.1080721,291.4799,31.84382,326.0247,
9631.518,0.0004436299,-0.02944355,0.05297111,-0.06187465,0.04141454,0.0204638,-0.04056877,0.418915,0.1090284,359.1491,0.2501919,358.6404,-0.1212971,0.08053907,-0.1151584,0.1670384,-0.6320289,-0.3077328,-0.1676565,0.8820183,0.07967217,293.2164,327.8106,24.2508,0.05369509,0.04080816,-0.09970266,0.08478846,0.2230663,0.3915192,0.0770162,0.8545154,0.1073964,291.5255,31.92303,326.4773,
9645.402,0.0003363267,-0.02751385,0.04900984,-0.04855372,0.009655599,0.04945628,-0.04074121,0.4186572,0.1094409,359.1261,0.2999179,358.5423,-0.124465,0.06068644,-0.08160242,0.09092256,-0.6642427,-0.2772812,-0.1687707,0.8823265,0.07935464,293.6984,326.9696,25.23844,0.01351224,0.01421343,-0.08247158,0.001162544,-0.2097601,0.3861232,0.07646816,0.8537056,0.1067494,291.1104,30.81912,328.2808,
9659.429,-0.001143991,-0.03050849,0.04154851,0.0253303,0.01826951,0.04416021,-0.04082973,0.4178411,0.1098219,358.9484,0.2263759,358.5451,-0.1047612,0.04559673,-0.04535898,0.002189636,-0.5455509,-0.04171301,-0.1696047,0.8827873,0.07967409,293.8335,327.472,25.1835,-0.03474959,-0.003563457,-0.06666856,0.1141168,-0.7693979,0.230858,0.07616606,0.8533898,0.1070362,289.9258,28.41499,331.2573,
9673.436,-0.002719141,-0.0349125,0.03393853,-0.01272366,0.06718075,0.01765483,-0.04082137,0.4171464,0.1100216,359.1204,0.05698415,358.5869,-0.08092664,0.03803406,-0.007181611,-0.07009029,-0.3518217,0.1004354,-0.170537,0.883212,0.08071579,293.8109,328.3291,24.60349,-0.03945416,-0.006403937,-0.0404189,0.1165147,-0.930233,0.3772635,0.07639123,0.8531605,0.107691,289.3515,27.50388,333.0716,
9687.416,-0.004477038,-0.03983258,0.02656254,-0.1228301,0.1090163,0.04421251,-0.0408408,0.416664,0.1101389,359.4449,359.9285,358.4596,-0.07741242,0.03119318,0.02016861,-0.1013715,-0.2881208,-0.05269019,-0.1712633,0.883601,0.08164899,294.0751,328.0134,24.71109,-0.01619475,-0.009657726,-0.01323324,0.07861544,-0.8411681,0.6765856,0.07686821,0.8528113,0.1083534,289.2513,28.2066,333.5636,
9700.992,-0.004356455,-0.03856736,0.02308028,-0.1968921,0.08789173,0.09660902,-0.04090068,0.4165986,0.1104991,359.7025,359.9545,358.2855,-0.07590923,0.02298934,0.05047091,-0.1460955,-0.239682,-0.2788349,-0.1718353,0.8835363,0.08305924,294.4843,327.3595,24.86274,0.02617409,-0.01548047,0.01994354,0.0367187,-0.5671279,0.8728147,0.07812344,0.8522929,0.1095732,289.5174,29.86161,332.8757,
9715.073,-0.003547343,-0.0307652,0.02124392,-0.1784444,0.03248221,0.09940564,-0.04102254,0.4166254,0.1108137,359.733,0.05101811,358.2468,-0.0677077,0.005735658,0.08047526,-0.2426986,-0.1295168,-0.3478475,-0.1725371,0.8830003,0.08482828,294.8243,327.5101,24.28953,0.075227,-0.02608694,0.0555362,-0.06172857,-0.1870863,0.8752004,0.07993003,0.8516678,0.1111479,290.163,31.49399,331.6916,
9729.017,-0.003560434,-0.01964995,0.01913678,-0.04796452,0.004969965,0.0396256,-0.04117841,0.4164372,0.1110278,359.4595,0.04902538,358.3543,-0.06217349,-0.01300923,0.1050807,-0.2941872,-0.0734091,-0.2983798,-0.1733694,0.8824554,0.08677588,295.0828,327.8853,23.74289,0.1102677,-0.0340414,0.08918591,-0.174819,0.1499111,0.6486612,0.08154059,0.8511947,0.1128114,290.9084,32.27246,330.7466,
9742.789,-0.005006708,-0.01460465,0.01545731,0.06622067,0.02844598,-0.02015115,-0.04121749,0.4158996,0.111114,359.2341,359.9363,358.4795,-0.05152489,-0.01879282,0.124371,-0.3135192,0.0169879,-0.195448,-0.1739053,0.8823585,0.08904175,295.1728,328.55,22.99809,0.1149189,-0.0328724,0.1183206,-0.328836,0.189731,0.3281436,0.08304957,0.8509268,0.1148263,291.3812,31.27371,331.4004,
9756.961,-0.005937525,-0.01288393,0.01143523,0.05323789,0.04515134,-0.01421349,-0.04129294,0.4158698,0.1112617,359.3423,359.884,358.4063,-0.05194803,-0.01724586,0.1423091,-0.2988712,0.03785183,-0.3109796,-0.1746958,0.8822438,0.0915129,295.4228,328.4284,22.70682,0.1255288,-0.02630014,0.1266025,-0.3276578,0.2169029,0.3708766,0.08476931,0.8512278,0.1161655,291.7935,31.57781,331.3398,
9770.854,-0.003031084,-0.01342025,0.006785597,-0.01789074,0.01570385,-0.0040063,-0.04126135,0.4157106,0.1112194,359.5019,359.9668,358.4052,-0.05926759,-0.02471087,0.1548189,-0.2907044,-0.004329098,-0.5088755,-0.1750956,0.8814585,0.09378016,295.8923,327.6912,22.83415,0.1458546,-0.02318615,0.1235848,-0.2124533,0.4100013,0.5627942,0.08594048,0.8507569,0.117468,292.409,33.69502,329.6288,
9784.684,0.0009788815,-0.01159108,0.004568282,-0.08532672,-0.03134522,-0.01149771,-0.04114088,0.4156056,0.1112069,359.6881,0.08142562,358.442,-0.05615733,-0.03551245,0.1629911,-0.3246042,-0.009595212,-0.4756845,-0.1756506,0.8806469,0.09600144,296.2504,327.7373,22.50249,0.1418302,-0.02540154,0.1179151,-0.1649367,0.4189006,0.5397953,0.08704551,0.8501996,0.1185726,292.7909,34.60213,328.9179,
9798.71,0.002874526,-0.005934712,0.003515291,-0.06563745,-0.08739658,0.02863649,-0.04105556,0.4156606,0.1112045,359.609,0.2511812,358.312,-0.04065851,-0.04655443,0.1681832,-0.3338122,-0.008052506,-0.1577345,-0.1760834,0.8796422,0.09846088,296.3082,328.6959,21.8892,0.1177789,-0.04349748,0.1027756,-0.07728167,0.3060454,0.3023311,0.08772882,0.8487263,0.119473,292.7091,34.59995,328.7344,
9812.661,0.003106265,0.0004618097,0.003745573,0.04420678,-0.1204426,0.05234192,-0.04101773,0.4158266,0.111258,359.32,0.3740702,358.2504,-0.02396143,-0.05177139,0.1712911,-0.3210103,0.03803242,0.1378758,-0.1766811,0.8787632,0.1011057,296.1926,330.0023,21.04103,0.08236678,-0.05839681,0.09646942,-0.05674816,0.0845222,-0.08562604,0.08838487,0.8477218,0.1207565,292.3085,33.11707,329.6908,
9826.738,0.002774233,0.005760984,0.002886872,0.1212722,-0.1109608,0.003767036,-0.04100469,0.4160653,0.111294,359.13,0.3998923,358.395,-0.02466166,-0.05508579,0.1758134,-0.2877417,0.01114557,0.1008332,-0.177045,0.8779343,0.1037674,296.328,330.2751,20.8091,0.05830124,-0.06251545,0.09610218,-0.02809507,-0.042494,-0.2513339,0.08896574,0.8471057,0.1222825,291.9896,32.02433,330.4366,
9840.232,0.001694879,0.0063736,-5.366595E-05,0.1432379,-0.06900974,-0.04631995,-0.0410293,0.416189,0.1112313,359.0451,0.3536662,358.4964,-0.02068879,-0.05634523,0.1800814,-0.2727092,0.06172398,-0.01619661,-0.1770348,0.8768857,0.1063814,296.467,330.3804,20.43898,0.04787606,-0.06247824,0.1015549,-0.03606803,-0.06123599,-0.1213088,0.08895354,0.8462716,0.1237985,291.9893,32.03519,330.575,
9854.237,0.001838274,0.003450632,-0.003443797,0.08298297,-0.03826529,-0.04880968,-0.04099619,0.4161826,0.1110659,359.1385,0.3486635,358.5081,-0.01512637,-0.06275304,0.1827981,-0.2532802,0.1024247,-0.06534822,-0.1771671,0.875588,0.109043,296.5539,330.5884,20.0128,0.03050967,-0.06386586,0.1106987,-0.09488487,-0.168198,0.004508324,0.08872318,0.8451342,0.1254067,291.972,31.63684,331.3416,
9868.089,0.003795586,-3.324961E-05,-0.008091375,-0.01066433,-0.0324027,-0.03882675,-0.04088032,0.4161155,0.1107876,359.3232,0.394617,358.5126,-0.005701348,-0.07232469,0.1819073,-0.2116528,0.08853498,0.03144334,-0.1771082,0.8740003,0.1115803,296.5339,331.0221,19.69609,0.01017444,-0.07864938,0.1187199,-0.09717594,-0.371589,0.03310382,0.0888367,0.8434238,0.1272688,291.6561,30.67989,332.6784,
9882.114,0.007150469,-0.001029865,-0.01260048,-0.07006375,-0.04539581,-0.02470341,-0.04069802,0.4160821,0.1104647,359.4318,0.466573,358.5167,0.005549163,-0.08454046,0.1785764,-0.1508577,0.004924196,0.2317766,-0.1770148,0.8722156,0.1140963,296.443,331.6518,19.58327,0.003185321,-0.09518993,0.1257055,-0.05013234,-0.4699203,0.001663736,0.08923171,0.8416853,0.1292652,291.2893,29.82415,333.7332,
9896.034,0.008775184,-0.0002568473,-0.01623714,-0.04670161,-0.06533075,-0.001527581,-0.04056086,0.4160782,0.1101417,359.3687,0.5652789,358.464,0.01823612,-0.09564473,0.1772949,-0.09179486,-0.1089649,0.450693,-0.1765166,0.8703269,0.1167486,296.3369,332.3752,19.65452,0.008892238,-0.1107458,0.1333011,-0.04569427,-0.4281725,0.0112201,0.08968071,0.8399017,0.1311238,291.1458,29.3711,334.3396,
9910.002,0.007869494,0.001318792,-0.0210517,0.0212983,-0.1057824,0.06697064,-0.04056579,0.4161869,0.1094992,359.2103,0.7205182,358.2599,0.05198192,-0.1045787,0.1864648,-0.08812873,-0.1700827,0.7958573,-0.1753303,0.8684184,0.1199843,296.1401,334.0538,19.17096,0.01737467,-0.1230272,0.1416518,-0.09319524,-0.3141797,-0.03018873,0.09005035,0.8381216,0.1329336,291.208,28.88619,334.7939,
9923.839,0.006879247,0.001213136,-0.02712528,0.06968121,-0.1218647,0.07474309,-0.04057746,0.416059,0.1089774,359.0872,0.8262756,358.2475,0.08657171,-0.1162822,0.200354,-0.149112,-0.09418687,0.8633255,-0.1736237,0.8660181,0.1232811,296.0654,335.6617,18.2043,0.01399169,-0.1268385,0.1461466,-0.07683606,-0.2276911,-0.2572653,0.09028157,0.8365833,0.1349007,291.0931,27.85391,335.3346,
9937.915,0.004839239,3.114203E-05,-0.03496836,0.04573251,-0.09084312,0.01609923,-0.0405681,0.4159724,0.108196,359.1589,0.803865,358.3894,0.1140012,-0.1310201,0.2063998,-0.1904902,0.07866642,0.7758403,-0.1715955,0.8632423,0.1261047,295.9471,337.09,16.91981,0.00955987,-0.1279905,0.150411,-0.06284763,-0.1555208,-0.3967031,0.09052872,0.834846,0.1370388,291.0006,26.90857,335.7758,
9951.647,0.002215997,-0.0009524068,-0.04380675,-0.01814651,-0.02537168,-0.02387907,-0.04048327,0.4160375,0.1072767,359.3001,0.6914055,358.4514,0.1912009,-0.1767852,0.1954949,-0.07834677,0.9284024,0.7762455,-0.1686407,0.8583633,0.1289908,294.7707,340.7756,12.4451,3.85493E-05,-0.1415196,0.1619151,-0.1008037,-0.04356062,-0.4391538,0.09004895,0.8323959,0.1392553,291.1311,26.24751,335.9821,
9965.475,0.001280401,-0.000934648,-0.05188625,-0.04055501,-0.004088336,-0.03174258,-0.0404492,0.4161307,0.106253,359.3394,0.70294,358.4627,0.2201876,-0.2071549,0.1800174,0.1992931,1.386261,0.7881505,-0.1667789,0.8542575,0.1319549,293.4501,344.127,8.587884,-0.01606688,-0.1589116,0.1671026,-0.1085107,-0.06510437,-0.4731643,0.08950115,0.8296605,0.1413622,291.0884,25.24713,336.6484,
9979.605,0.00186711,0.0001675824,-0.06132291,-0.02732531,-0.03933665,0.003411946,-0.04036663,0.4161575,0.105197,359.3044,0.8342332,358.3773,0.2236094,-0.2345698,0.1756138,0.4758782,1.599721,0.7416177,-0.1654832,0.8499222,0.1355881,292.1249,347.2289,5.01338,-0.04012874,-0.1878873,0.1686761,-0.1082527,-0.1553584,-0.5494008,0.08874718,0.8261056,0.1434674,290.9207,23.68586,337.8456,
9993.505,0.002064727,0.001984763,-0.06966565,0.0009849994,-0.09626653,0.06245397,-0.04049763,0.4162811,0.1040108,359.2479,1.020503,358.214,0.1798881,-0.2602711,0.1962731,0.5636234,1.35398,0.4559643,-0.1649932,0.8453052,0.1399144,291.4178,347.9281,3.84244,-0.06922373,-0.2310795,0.1693094,-0.08850114,-0.2846735,-0.6629274,0.08759427,0.8217636,0.1456495,290.6356,21.61062,339.4965,
10007.351,0.0008146316,0.003399093,-0.07875994,0.04198191,-0.108016,0.05910318,-0.04066557,0.4162725,0.1026952,359.1366,1.082249,358.2247,0.1239224,-0.2790067,0.2228901,0.5093964,0.8900759,0.1001239,-0.1644633,0.8406158,0.1441422,291.2244,346.5868,4.760349,-0.09826891,-0.2612714,0.1701821,-0.04427349,-0.4497755,-0.7901192,0.0862705,0.8175204,0.1480356,290.2265,18.94613,341.7072,
10021.443,-0.002291679,0.00431439,-0.08839937,0.05014086,-0.04447202,-0.003800697,-0.04078501,0.4162359,0.1012069,359.106,0.9458007,358.3729,0.08005862,-0.3027931,0.2493759,0.3982664,0.4688306,-0.1758648,-0.1635559,0.8351479,0.1483149,291.361,344.5416,6.449135,-0.122335,-0.2905571,0.1738101,-0.01982432,-0.5915109,-0.7920709,0.08486675,0.8127155,0.1505836,289.8621,16.3137,344.1094,
10035.037,-0.005591974,0.003446046,-0.09735256,0.04044308,0.04158021,-0.05436822,-0.04087327,0.4161778,0.09955429,359.1123,0.7470757,358.4852,0.06931929,-0.3529029,0.2657566,0.3236398,0.3142042,-0.2441368,-0.1622471,0.827861,0.1524731,291.3641,343.7313,6.994988,-0.1371064,-0.3352185,0.1769139,0.01415509,-0.6767882,-0.616649,0.08319,0.8067593,0.1528908,289.5582,14.55218,346.0429,
10049.067,-0.006471753,0.0004833089,-0.1093154,0.02913775,0.1092844,-0.06495737,-0.04081221,0.4160038,0.09770432,359.1101,0.5793283,358.5132,0.0958306,-0.4080692,0.260664,0.3506155,0.4708529,-0.115765,-0.1601298,0.8200541,0.1560267,290.8575,344.8509,5.611377,-0.1511338,-0.3758847,0.177451,0.1279482,-0.7517824,-0.6916757,0.08172325,0.8003428,0.1556146,289.0326,11.91569,348.4006,
10062.921,-0.004666943,-0.002685501,-0.1201693,0.01043152,0.1091565,-0.01879966,-0.04082704,0.4159126,0.09578163,359.1453,0.556102,358.4147,0.142983,-0.4619302,0.2461989,0.3562623,0.6777116,0.3342497,-0.1581188,0.8117555,0.1593118,290.1371,348.3264,2.553523,-0.1602132,-0.4179633,0.1859102,0.2023146,-0.8170969,-0.8757874,0.0807439,0.7935724,0.1588226,288.5624,8.298845,351.433,
10076.992,-0.002390053,-0.004804153,-0.1288229,-0.003775182,0.07380971,0.04017067,-0.04088873,0.4158671,0.09380919,359.1713,0.5833169,358.2738,0.1690625,-0.5161206,0.2310355,0.2987173,0.6891202,0.9140991,-0.1571962,0.8027219,0.1624418,289.6242,352.78,359.3484,-0.1535023,-0.458974,0.2058851,0.1819313,-0.8016251,-0.9107638,0.0799541,0.7863449,0.1624275,288.3677,5.253503,354.0395,
10090.994,-0.0005579144,-0.004475016,-0.1375261,-0.007977733,0.05353873,0.07821894,-0.04097861,0.4159278,0.09178123,359.1738,0.5555161,358.1769,0.1601675,-0.5719463,0.2103751,0.3297395,0.534229,1.355809,-0.1570004,0.7927828,0.1653512,289.1337,356.558,357.1557,-0.1301007,-0.4974166,0.2345331,0.03728162,-0.6792778,-0.7447206,0.07936439,0.7786753,0.1661446,288.5565,3.732735,355.4555,
10104.599,-0.0003344007,-0.001724461,-0.1434372,0.006689108,0.07088405,0.07324532,-0.04099663,0.4160475,0.08967926,359.1295,0.4364649,358.1561,0.1252595,-0.6241398,0.1819281,0.6205503,0.3572789,1.450005,-0.1571869,0.7820122,0.1684734,288.0823,358.7331,356.1931,-0.09661582,-0.5345556,0.2559937,-0.118438,-0.458542,-0.5124735,0.07909175,0.7703509,0.1696487,288.9232,3.658875,355.5507,
10118.697,0.0003476478,0.001976541,-0.1488831,0.048596,0.09598741,0.05191003,-0.04085332,0.4161386,0.08746983,359.0057,0.3062159,358.1576,0.08550806,-0.6714104,0.160656,1.065052,0.339474,1.061096,-0.1570424,0.7706118,0.1721897,286.4391,359.2254,355.7177,-0.06679901,-0.5736736,0.2645888,-0.1766843,-0.2029591,-0.4758104,0.07892342,0.7612658,0.1730905,289.2017,3.724812,355.1041,
10132.652,0.003711026,0.005637231,-0.1528603,0.09726159,0.08674285,0.04996281,-0.04063965,0.4162729,0.08531706,358.8574,0.2881937,358.0936,0.06133466,-0.7125496,0.1588567,1.391182,0.4601323,0.2181361,-0.1560392,0.7591767,0.1759003,284.8343,357.8687,355.4563,-0.06127654,-0.6132505,0.2634231,-0.1356579,-0.1217226,-0.7201394,0.07862642,0.7519462,0.1764541,289.2811,2.016286,355.9128,
10146.605,0.007933151,0.009809894,-0.154372,0.1160848,0.02842174,0.07344874,-0.04041114,0.4165497,0.08319477,358.7451,0.3889868,357.9796,0.02437509,-0.757419,0.1903823,1.270027,0.2800659,-0.6003368,-0.1558929,0.7469063,0.1800368,284.3037,353.154,358.2427,-0.07709937,-0.6545531,0.2526072,0.01334244,-0.3408966,-0.8970914,0.07813497,0.7420628,0.1797175,289.0708,358.5475,358.7491,
10160.579,0.01140319,0.01324714,-0.1544297,0.1402474,-0.0271418,0.08848953,-0.04028988,0.41687,0.08111696,358.5924,0.5124897,357.8902,0.001522049,-0.8013782,0.2388012,0.7127654,0.08966164,-0.4912832,-0.1564208,0.7344361,0.1843126,284.7141,351.9745,359.3208,-0.08917475,-0.6955665,0.2370207,0.2015817,-0.6530511,-0.7926278,0.07778219,0.7317924,0.1826664,288.6879,354.9677,2.39653,
10174.5,0.01245717,0.01591077,-0.1534309,0.1505867,-0.04729966,0.07892752,-0.04017329,0.4170592,0.07904346,358.4695,0.5342255,357.872,-0.01868599,-0.8474658,0.2814846,0.04611332,-0.2267801,0.1980776,-0.1577324,0.7216793,0.1885839,285.6319,352.9088,359.994,-0.07433432,-0.7306218,0.2293177,0.3263132,-0.7306045,-0.6960608,0.07857628,0.7211668,0.1860065,288.3502,352.1868,5.15976,
10188.376,0.01150368,0.01499312,-0.1522529,0.1312222,-0.01807427,0.05525275,-0.0400423,0.4170681,0.07693538,358.4249,0.4587492,357.8772,-0.04009245,-0.8907931,0.3082647,-0.3441795,-0.6643488,1.046147,-0.1591585,0.7081364,0.1931231,286.4777,353.9722,1.599377,-0.0240348,-0.7589498,0.2405154,0.2579436,-0.4756744,-0.6948163,0.08058244,0.7103315,0.1899117,288.3198,351.2125,5.613929,
10201.898,0.01038086,0.01226815,-0.1497705,0.06887072,0.02045265,0.03618708,-0.03986637,0.417129,0.07493231,358.5055,0.3853837,357.8653,-0.04701006,-0.936677,0.3243574,-0.4343522,-0.7977163,1.454917,-0.1601294,0.6938955,0.1979498,287.007,355.3115,2.371494,0.03938235,-0.7798465,0.2616968,0.06220744,-0.06112305,-0.6990542,0.08318619,0.6994124,0.1938976,288.5893,352.0266,3.981193,
10216.014,0.01091055,0.01208926,-0.1460031,0.02095862,0.02142889,0.03502411,-0.03962184,0.4174424,0.07302463,358.5661,0.3999571,357.8331,-0.0391182,-0.9781981,0.3315748,-0.3976675,-0.5913335,1.209215,-0.1602302,0.6794104,0.202449,287.2609,356.1677,2.083071,0.134462,-0.80954,0.285468,-0.1629892,0.6319,-0.5381418,0.08645616,0.6875389,0.1978263,289.0134,356.1987,358.8761,
10229.947,0.01291414,0.01518686,-0.1405092,0.04816092,-0.01650381,0.04021561,-0.03943628,0.4178239,0.07125636,358.3933,0.5111214,357.7886,-0.02388836,-1.034498,0.3403611,-0.3996793,-0.1643692,0.4659378,-0.1599819,0.6635135,0.2069837,287.5484,356.2603,0.9010073,0.1843873,-0.8414634,0.2942244,-0.2428139,1.036857,-0.418511,0.08866987,0.6750091,0.2014682,289.4064,359.694,354.555,
10243.729,0.01435712,0.02014224,-0.1341116,0.113953,-0.05059269,0.04957584,-0.03931722,0.4182095,0.06968379,358.1814,0.5957536,357.7269,-0.01631822,-1.079981,0.3489276,-0.3952146,0.1053632,0.0631226,-0.1603598,0.6475392,0.2116854,287.8625,356.6356,359.7053,0.1828288,-0.8751142,0.2922926,-0.2150522,1.098885,-0.46413,0.08996081,0.6620429,0.205168,289.6642,1.183701,352.2031,
10257.803,0.0143308,0.02453214,-0.1273018,0.1332515,-0.04890409,0.04634903,-0.03912947,0.4186462,0.06811708,358.0739,0.5890201,357.7035,-0.01847073,-1.109001,0.350999,-0.3354613,0.1019538,0.008952418,-0.1609399,0.6316786,0.216485,288.0259,356.7365,359.4832,0.1365026,-0.9101375,0.2855493,-0.1855334,0.7648578,-0.5047706,0.09022123,0.6485954,0.2087753,289.8142,0.4143605,352.5281,
10271.761,0.01422783,0.02759432,-0.119836,0.1363556,-0.02216737,0.02867566,-0.03887439,0.41904,0.06668046,357.9807,0.5422372,357.7167,-0.03018712,-1.140399,0.3642612,-0.4550978,-0.1190099,0.06792,-0.1616582,0.6149026,0.2217034,288.6034,355.9578,0.6455301,0.0888589,-0.9361544,0.2766264,-0.1846137,0.3070508,-0.377894,0.09027395,0.6352124,0.2120592,289.928,358.9418,354.2407,
10285.552,0.01526587,0.02985127,-0.111044,0.1265164,-0.01185032,0.008706392,-0.03854714,0.4194824,0.06535289,357.9102,0.5433552,357.7466,-0.02039404,-1.181999,0.3913797,-0.727412,-0.1164665,0.2826847,-0.1618737,0.5973787,0.2272718,289.6311,357.0678,0.1596989,0.0193102,-0.9839977,0.2531833,-0.1254775,-0.6239041,0.1511556,0.08991763,0.6203596,0.2145684,289.8686,355.9111,359.3144,
10299.496,0.01785621,0.03032793,-0.1036102,0.1156732,-0.02889256,-0.02012664,-0.03822617,0.4198461,0.06410256,357.8243,0.6156956,357.8136,-0.002464056,-1.213566,0.4035696,-0.830816,0.1648666,0.2533785,-0.1620673,0.5800798,0.2324751,290.4489,358.9032,358.1989,0.003811099,-1.010031,0.225722,0.1013438,-0.982828,0.5000374,0.09046133,0.606218,0.2169535,289.4641,354.2935,2.526466,
10313.479,0.02043466,0.02794668,-0.09628666,0.1039367,-0.07208004,-0.05438744,-0.03794351,0.4200231,0.06292567,357.7546,0.7434676,357.9226,0.004060045,-1.247028,0.406225,-0.8524415,0.5606118,-0.138606,-0.1623183,0.5621722,0.2371945,291.2376,359.9749,355.8852,0.01777055,-1.026842,0.1923736,0.4199359,-0.9379752,0.7542034,0.09164306,0.5918937,0.2194608,288.5777,354.1143,3.976381,
10327.172,0.02214358,0.02648105,-0.08904455,0.03862092,-0.08982503,-0.0847961,-0.0376299,0.4204555,0.06202805,357.8842,0.8199394,358.0491,-0.01023583,-1.269462,0.3947877,-0.7218391,0.672403,-0.4890577,-0.1628191,0.5444767,0.2416916,291.7014,359.6468,354.9565,0.06296715,-1.031838,0.1931638,0.3810166,-0.3433403,0.5590259,0.09354649,0.5798464,0.2232374,288.1797,356.0937,1.809937,
10341.089,0.02268626,0.02883763,-0.07954645,-0.001717742,-0.08655757,-0.1220378,-0.03734642,0.4211786,0.06116325,357.9111,0.856285,358.2122,-0.02607009,-1.264179,0.384806,-0.63863,0.3871637,-0.4115241,-0.1634676,0.52746,0.2468279,292.0445,358.9439,355.5935,0.07933041,-1.030918,0.2321908,-0.02404739,0.1204328,0.08413905,0.09499737,0.5680537,0.2276345,288.8239,357.126,359.7384,
10355.024,0.0220449,0.03535835,-0.06770512,0.0737517,-0.08989747,-0.1255297,-0.037049,0.4218395,0.06057994,357.6253,0.9226581,358.2866,-0.04171523,-1.261137,0.4015876,-0.890238,-0.06617706,-0.2868903,-0.1640121,0.5102258,0.2522663,293.1662,357.568,357.4944,0.08174708,-1.038748,0.299149,-0.7543815,0.5451269,-0.4335769,0.09617969,0.5560343,0.232306,290.7443,357.8481,357.4419,
10368.854,0.02115159,0.04056771,-0.05776043,0.1739329,-0.1097521,-0.09088996,-0.03681959,0.4223908,0.06007469,357.2925,1.044863,358.2647,-0.03339352,-1.266658,0.4219044,-1.167745,-0.2551101,-0.1546607,-0.1636095,0.4926956,0.2575711,294.5724,357.0935,358.466,0.06302888,-1.054747,0.3436219,-1.289139,0.6429698,-0.767141,0.09662276,0.5416212,0.2361416,292.8466,357.37,356.685,
10382.658,0.02007885,0.04019435,-0.04811002,0.2252015,-0.131327,-0.05683605,-0.03664392,0.4226374,0.05961961,357.0879,1.177953,358.2567,0.002832621,-1.274848,0.434193,-1.425673,0.05181412,-0.05835071,-0.163031,0.4753935,0.2624756,296.1289,358.4354,357.0216,0.03657217,-1.068205,0.3434933,-1.363477,0.3718089,-0.8352199,0.09706201,0.5268534,0.2393507,294.191,355.9571,357.6256,
10396.66,0.01746749,0.03282178,-0.0410279,0.1707021,-0.1382893,-0.0382658,-0.03654665,0.4226606,0.05918372,357.1216,1.284472,358.2762,0.01705121,-1.285295,0.4252445,-1.506461,0.3440809,-0.2143136,-0.1628861,0.4578534,0.2664995,297.5276,358.9435,355.8013,0.02959176,-1.077482,0.3112676,-1.103969,-0.009033337,-0.5024327,0.09777242,0.5116526,0.2420701,294.6389,355.2596,358.8451,
10410.173,0.01449974,0.02286271,-0.03582076,0.05237439,-0.1193768,-0.04513051,-0.03647044,0.422745,0.05882587,357.347,1.331743,358.3564,0.01006378,-1.285504,0.3968543,-1.388128,0.3789383,-0.3252704,-0.1629899,0.4407839,0.2699228,298.4841,358.7253,355.5021,0.0391321,-1.081721,0.2695087,-0.7190398,-0.2903105,-0.05130405,0.09855889,0.4965113,0.2445168,294.502,355.3325,359.7816,
10424.069,0.01164197,0.01597266,-0.03004178,-0.0946494,-0.08409848,-0.09728809,-0.03630176,0.4231611,0.05846006,357.6526,1.312871,358.5721,0.002044342,-1.262734,0.3443416,-1.058664,0.2103168,-0.2283087,-0.1632173,0.4240406,0.2730198,298.7403,358.5804,355.7366,0.06033141,-1.074998,0.2492382,-0.5085862,-0.1145414,0.1154213,0.09967101,0.4820819,0.2478081,294.4647,356.3056,359.032,
10438.145,0.009929348,0.01718203,-0.02309291,-0.1337795,-0.06042532,-0.1400084,-0.03616472,0.423705,0.05842754,357.7302,1.322411,358.7547,-0.01149656,-1.240159,0.3074958,-0.8280938,-0.006986055,-0.2715884,-0.1633249,0.4074088,0.2762535,299.0111,357.7231,356.6616,0.07993337,-1.06673,0.2707196,-0.7338228,0.3058881,0.04281154,0.1007006,0.4676792,0.2519118,295.3812,357.8637,356.886,
10452.147,0.009388158,0.024038,-0.01446933,-0.09001853,-0.05363335,-0.1481485,-0.03603923,0.4244109,0.05857646,357.6508,1.356276,358.8517,-0.02047308,-1.225465,0.294341,-0.7960467,-0.1042059,-0.4058399,-0.1630161,0.3912466,0.2795329,299.6484,356.6107,357.584,0.08277929,-1.06944,0.3067219,-1.187594,0.4724765,0.02481434,0.1013333,0.4531983,0.2556458,297.1158,359.008,355.4212,
10466.015,0.009178931,0.03326938,-0.00286761,0.02171199,-0.0638251,-0.1354699,-0.03591838,0.4250076,0.05894268,357.3929,1.420372,358.9123,-0.005992718,-1.200712,0.2912411,-0.9338081,0.08140766,-0.4535594,-0.1622848,0.3760138,0.2825485,300.6831,356.4716,357.2177,0.0767155,-1.08346,0.3244881,-1.463845,0.4035884,0.1018868,0.1017796,0.4380606,0.2589832,298.7603,359.7543,354.8169,
10480.121,0.008559832,0.03730988,0.007690913,0.1139488,-0.07272692,-0.09789678,-0.03587073,0.42531,0.05934724,357.1614,1.488949,358.8965,-0.00406085,-1.179975,0.281343,-1.010896,0.2129114,-0.5780054,-0.1621439,0.3612126,0.2849574,301.717,355.9792,357.0232,0.06660817,-1.099532,0.3238511,-1.575691,0.2679911,0.1019915,0.1024109,0.4228308,0.2618979,300.2037,359.9702,354.7811,
10493.655,0.006974615,0.03409676,0.01531139,0.1335435,-0.07394772,-0.04282466,-0.03585348,0.425449,0.05969387,357.0981,1.553066,358.8198,-0.01540984,-1.150328,0.2592469,-1.054225,0.1320409,-0.6726504,-0.16222,0.3468894,0.2867522,302.7474,355.0372,357.5732,0.06287234,-1.112392,0.3057217,-1.576636,0.159442,0.05176205,0.103387,0.4075961,0.2641845,301.4704,359.9294,354.9333,
10507.514,0.004798362,0.02626663,0.01957268,0.06092798,-0.06177031,0.005627363,-0.03585683,0.4255323,0.05996507,357.2479,1.5822,358.757,-0.03826807,-1.114439,0.2282823,-1.083337,-0.2838038,-0.6150339,-0.1630288,0.3329758,0.2882555,303.7712,353.9723,359.1682,0.0684747,-1.110893,0.2658732,-1.352765,0.2621194,-0.08269742,0.1046148,0.3926892,0.2658402,302.2175,359.8397,354.6188,
10521.604,0.00258567,0.01881071,0.02064301,-0.04956692,-0.03857951,0.02024151,-0.03586015,0.4257341,0.06018604,357.5227,1.564022,358.7559,-0.06333897,-1.091301,0.2058158,-1.131295,-0.844545,-0.4996473,-0.1640895,0.3190075,0.2898242,304.9266,352.9065,1.442912,0.0775023,-1.10188,0.2269248,-1.102315,0.5171802,-0.2109126,0.105827,0.3777204,0.2676336,302.7436,359.948,353.6698,
10535.625,0.0005891789,0.01491696,0.02291937,-0.137138,-0.007644767,0.009893149,-0.03583147,0.4261171,0.06063786,357.7359,1.513399,358.7936,-0.0829711,-1.078431,0.199876,-1.292098,-1.403183,-0.3650831,-0.1651948,0.3053762,0.2916531,306.5276,352.155,3.881247,0.0822309,-1.095475,0.2064124,-1.051833,0.6876915,-0.2776612,0.1069243,0.3633986,0.2691194,303.58,0.1050927,352.7314,
10549.208,-0.0004248172,0.01627534,0.02645399,-0.1261885,0.01022727,-0.002814415,-0.03585066,0.4264914,0.06118236,357.7436,1.488534,358.8231,-0.08523285,-1.065331,0.2062656,-1.495153,-1.849767,-0.2051065,-0.1659282,0.2923951,0.2937188,308.4427,351.9664,6.007115,0.08973722,-1.105635,0.2209572,-1.323708,0.915913,-0.2766184,0.1082713,0.3484368,0.2720918,305.2383,0.5650252,351.4356,
